54398 2016 2 27 0 1022.3 1026.1 1022.3 1021.8 1.8 3.7 28 4 1.7 22 0.2 0.2 -2.1 40 2.5 40 0 
54398 2016 2 27 1 1022.5 1026.2 1022.6 1022.3 3.1 5.8 28 35 3.1 23 2.6 2.6 0.2 33 2.4 33 0 
54398 2016 2 27 2 1022.7 1026.4 1022.8 1022.6 3.8 5.9 34 6 2.3 30 4.3 4.4 2.6 28 2.3 28 0 
54398 2016 2 27 3 1022.5 1026.2 1022.7 1022.5 2.6 4.5 45 35 2.1 18 5.9 6 4.2 26 2.4 26 0 
54398 2016 2 27 4 1021.8 1025.5 1022.5 1021.8 2.3 4 11 334 1.6 37 6.3 6.5 5.5 26 2.5 25 0 
54398 2016 2 27 5 1020.9 1024.6 1021.8 1020.9 2.6 4.9 11 340 2.3 29 7.2 7.4 6.2 24 2.4 24 0 
54398 2016 2 27 6 1020 1023.7 1020.9 1020 2.2 3.9 306 280 1.3 326 7.8 8.3 7.1 23 2.4 23 0 
54398 2016 2 27 7 1019.6 1023.3 1020 1019.6 1.6 2.9 249 207 1.6 207 8.5 8.5 7.6 24 2.7 23 0 
54398 2016 2 27 8 1019.3 1023 1019.6 1019.3 3.2 6.5 247 228 2.9 240 7.8 8.5 7.7 27 2.9 24 0 
54398 2016 2 27 9 1019.3 1023 1019.4 1019.2 3.4 5.7 241 188 2.6 238 7.4 7.9 7.4 27 2.8 27 0 
54398 2016 2 27 10 1019.5 1023.2 1019.5 1019.3 2.6 3.9 269 251 1.2 189 6.7 7.4 6.7 29 2.8 27 0 
54398 2016 2 27 11 1020.3 1024.1 1020.3 1019.5 2.3 3.5 179 209 1 171 6.3 6.7 6.2 33 3.1 26 0 
54398 2016 2 27 12 1020.9 1024.6 1020.9 1020.3 1.1 1.7 255 291 0.7 216 5.7 6.3 5.6 37 3.4 32 0 
54398 2016 2 27 13 1021.8 1025.5 1021.8 1020.9 3.7 5.9 167 166 3.4 169 4.8 5.9 4.8 36 3.1 31 0 
54398 2016 2 27 14 1023.1 1026.9 1023.1 1021.8 4.5 7.1 62 118 3.2 80 2 4.8 2 53 3.7 36 0 
54398 2016 2 27 15 1023.9 1027.7 1023.9 1023.1 3.9 7.3 122 112 3.2 102 1.1 2 1.1 57 3.8 53 0 
54398 2016 2 27 16 1023.9 1027.7 1023.9 1023.7 3.9 6.3 156 134 3.6 138 0.5 1 0.5 63 4 57 0 
54398 2016 2 27 17 1024.6 1028.4 1024.6 1023.9 3.9 5.5 125 126 1.5 132 -0.4 0.4 -0.4 66 3.9 64 0 
54398 2016 2 27 18 1024.4 1028.1 1024.6 1024.4 1.8 2.9 145 148 1.5 142 -0.4 -0.1 -0.4 56 3.3 56 0 
54398 2016 2 27 19 1024.2 1028 1024.5 1024.2 1.9 3.4 139 149 1 142 -1.4 -0.4 -1.4 55 3 51 0 
54398 2016 2 27 20 1023.8 1027.6 1024.1 1023.7 1 1.2 162 202 0.7 148 -2.7 -1.5 -2.7 63 3.2 55 0 
54398 2016 2 27 21 1024.1 1027.9 1024.1 1023.7 1.2 1.8 261 249 1.2 249 -3.1 -2.8 -3.4 62 3 61 0 
54398 2016 2 27 22 1024.2 1028 1024.3 1023.9 1.3 1.6 258 999017 0.1 253 -3.9 -3.1 -4 70 3.2 62 0 
54398 2016 2 27 23 1024.6 1028.4 1024.6 1024.2 1.2 1.6 0 27 1.1 358 -3.8 -3.7 -4.3 73 3.4 70 0 
54399 2016 2 27 0 1020.1 1026.1 1020.1 1019.4 1.8 3.3 14 41 1.4 46 0 0 -2 42 2.6 41 0 
54399 2016 2 27 1 1020.4 1026.3 1020.4 1020.1 2.4 4.5 88 66 2.4 66 2.6 2.6 0.1 32 2.4 32 0 
54399 2016 2 27 2 1020.3 1026.2 1020.5 1020.3 2.6 4.4 65 71 2.5 69 4.2 4.3 2.6 29 2.4 28 0 
54399 2016 2 27 3 1019.8 1025.7 1020.3 1019.8 3.4 5.8 77 63 3.3 63 5.9 5.9 4.2 28 2.6 27 0 
54399 2016 2 27 4 1019.2 1025.1 1019.8 1019.2 3.4 6 77 60 1.9 64 8.1 8.1 5.9 27 2.9 27 0 
54399 2016 2 27 5 1018.4 1024.3 1019.2 1018.4 2 3.7 28 4 1.4 62 8.6 8.6 7.4 26 2.9 26 0 
54399 2016 2 27 6 1017.8 1023.7 1018.4 1017.8 1.9 4.2 272 307 1.5 56 9.1 9.1 8.2 25 2.9 24 0 
54399 2016 2 27 7 1017.6 1023.5 1017.8 1017.5 4 6.2 227 226 2.8 240 7.8 9.4 7.6 26 2.7 23 0 
54399 2016 2 27 8 1017.1 1023 1017.6 1017.1 3.4 5.3 227 234 2.2 222 8.1 8.4 7.7 25 2.7 24 0 
54399 2016 2 27 9 1017.1 1023 1017.1 1017 3.3 5.4 255 269 2.4 256 7.1 8.1 7.1 27 2.7 25 0 
54399 2016 2 27 10 1017.2 1023.1 1017.2 1017 2.4 3.2 241 259 1.3 268 6.1 7.1 6.1 29 2.7 27 0 
54399 2016 2 27 11 1018 1023.9 1018 1017.2 3.1 4.8 357 0 2.7 358 5.8 6.1 5.6 41 3.8 29 0 
54399 2016 2 27 12 1018.8 1024.7 1018.8 1018 3.2 6 337 359 3.2 0 5.3 5.8 5.3 46 4.1 41 0 
54399 2016 2 27 13 1019.7 1025.6 1019.8 1018.8 3.3 6 0 259 1.3 359 4.1 5.2 4 53 4.3 46 0 
54399 2016 2 27 14 1020.7 1026.6 1020.7 1019.8 2.2 3.2 60 273 1.8 259 3.4 4.2 3.4 39 3 39 0 
54399 2016 2 27 15 1021.1 1027 1021.1 1020.7 2 2.7 255 999017 0.2 274 3 3.5 2.9 40 3 38 0 
54399 2016 2 27 16 1020.9 1026.8 1021.2 1020.8 1.4 2.6 68 205 1.1 267 3 3.4 3 58 4.4 40 0 
54399 2016 2 27 17 1021.7 1027.6 1021.9 1020.9 2.3 5 85 149 1.2 73 1.5 3.1 1.5 70 4.8 48 0.2 
54399 2016 2 27 18 1021.9 1027.8 1021.9 1021.6 1.3 2.4 128 330 0.7 155 0.8 1.4 0.8 73 4.7 70 0 
54399 2016 2 27 19 1021.6 1027.5 1021.9 1021.6 1.5 2.4 65 36 0.7 62 -1.1 0.8 -1.2 79 4.5 73 0 
54399 2016 2 27 20 1021.4 1027.3 1021.6 1021.4 1.8 2.7 68 56 1.5 61 -1 -0.5 -1.1 72 4.1 71 0 
54399 2016 2 27 21 1021.5 1027.5 1021.5 1021.3 1.5 2.2 62 61 1.2 55 -2.3 -1 -2.6 75 3.9 72 0 
54399 2016 2 27 22 1021.8 1027.8 1021.8 1021.5 1 1.3 23 79 0.4 62 -4 -2.4 -4 82 3.7 75 0 
54399 2016 2 27 23 1022.1 1028.1 1022.1 1021.8 0.8 1.3 272 228 0.5 250 -4.8 -4 -4.9 86 3.7 82 0 
