58015	34.4500 	116.3333 	45.40 	44.20 
58016	34.1833 	116.9667 	35.90 	34.70 
58102	33.8667 	115.7667 	39.20 	37.70 
58107	33.0167 	115.2833 	37.00 	35.80 
58108	33.2333 	115.3333 	35.00 	34.00 
58109	33.1833 	115.6167 	34.20 	33.00 
58112	30.7333 	116.4500 	969.40 	968.20 
58113	33.9333 	116.7500 	32.80 	31.60 
58114	33.4833 	116.1833 	32.30 	31.20 
58116	33.9833 	116.8333 	32.70 	31.50 
58117	33.1333 	116.2000 	29.40 	27.90 
58118	33.2667 	116.5167 	27.20 	26.00 
58122	33.6333 	116.9833 	27.10 	25.90 
58125	33.5833 	117.5167 	24.40 	22.90 
58126	33.4667 	117.8667 	20.70 	19.50 
58127	32.9833 	117.2000 	22.40 	21.20 
58128	33.3333 	117.3500 	22.20 	21.00 
58129	33.1500 	117.8333 	16.10 	14.90 
58202	32.6667 	115.5667 	32.40 	31.20 
58203	32.8667 	115.7333 	33.90 	32.70 
58210	32.6500 	116.2333 	26.20 	25.20 
58212	32.7167 	116.7667 	24.20 	23.00 
58214	32.3333 	116.2833 	34.10 	32.90 
58215	32.4333 	116.7833 	26.90 	25.70 
58220	32.4667 	117.1500 	29.30 	28.10 
58221	32.8500 	117.3000 	28.00 	26.80 
58222	32.8500 	117.5500 	25.60 	24.60 
58223	32.8000 	117.9833 	32.60 	31.40 
58224	32.6500 	117.0167 	33.60 	32.60 
58225	32.5333 	117.6667 	70.60 	69.60 
58234	32.4667 	118.4167 	41.60 	40.40 
58236	32.3500 	118.2500 	34.70 	33.50 
58240	32.6833 	119.0167 	22.50 	21.30 
58306	31.6833 	115.8833 	96.50 	95.40 
58311	31.7333 	116.5000 	75.30 	74.10 
58314	31.4000 	116.3167 	87.60 	86.40 
58316	31.4667 	116.9167 	24.80 	23.60 
58317	30.8667 	116.3667 	435.40 	434.20 
58319	31.0667 	116.9500 	86.00 	85.40 
58320	31.7333 	117.1333 	22.80 	21.80 
58321	31.7833 	117.3000 	28.20 	27.00 
58323	31.8833 	117.4667 	26.00 	25.00 
58326	31.5833 	117.8333 	31.90 	30.90 
58327	31.2667 	117.2833 	46.40 	45.20 
58329	31.3333 	117.8667 	10.80 	9.60 
58330	31.7500 	118.0833 	27.00 	26.00 
58331	31.7333 	118.3667 	23.50 	22.50 
58334	31.3833 	118.3667 	10.70 	9.50 
58335	31.5667 	118.5167 	24.40 	23.20 
58336	31.7000 	118.5667 	81.20 	80.00 
58337	31.0833 	118.1833 	28.00 	26.80 
58338	31.1500 	118.5833 	18.30 	17.10 
58417	30.1667 	116.1333 	55.90 	54.70 
58429	30.9833 	117.8500 	12.20 	11.00 
58431	30.9000 	118.3167 	40.20 	39.00 
58432	30.6833 	118.4000 	58.40 	57.30 
58433	30.9333 	118.7500 	32.20 	31.20 
58435	30.3000 	118.5333 	221.30 	220.20 
58436	30.6167 	118.9833 	88.50 	87.30 
58437	30.1333 	118.1500 	1841.40 	1840.40 
58441	30.8667 	119.4167 	44.30 	43.10 
58442	31.1667 	119.1833 	17.70 	16.50 
58520	29.8500 	117.7167 	143.10 	142.00 
58523	29.9333 	117.9333 	228.70 	227.50 
58530	29.8667 	118.4333 	170.10 	168.70 
58531	29.7167 	118.2833 	143.90 	142.70 
58534	29.7833 	118.1833 	171.40 	170.20 
54398	40.1333 	116.6167 	29.60 	28.60 
54399	39.9833 	116.2833 	46.90 	45.80 
54406	40.4500 	115.9667 	489.10 	487.90 
54416	40.3833 	116.8667 	73.00 	71.80 
54419	40.3667 	116.6333 	76.80 	75.70 
54421	40.6500 	117.1167 	294.30 	293.30 
54424	40.1667 	117.1167 	33.30 	32.10 
54431	39.9167 	116.6333 	44.50 	43.30 
54433	39.9500 	116.5000 	36.30 	35.30 
54499	40.2167 	116.2167 	77.40 	76.20 
54501	39.9667 	115.6833 	441.30 	440.30 
54505	39.9333 	116.1000 	99.10 	98.00 
54511	39.8000 	116.4667 	32.50 	31.30 
54513	39.9500 	116.2000 	66.80 	65.60 
54514	39.8667 	116.2500 	56.70 	55.20 
54594	39.7167 	116.3500 	38.80 	37.60 
54596	39.7667 	116.2000 	49.90 	48.90 
54597	39.7333 	115.7333 	408.70 	407.70 
58724	27.5333 	117.3167 	269.20 	268.20 
58725	27.3333 	117.4667 	218.90 	218.00 
58730	27.7667 	118.0333 	223.10 	222.10 
58731	27.9167 	118.5333 	277.90 	276.90 
58734	27.3333 	118.1167 	198.10 	196.90 
58735	27.5167 	118.7500 	261.30 	260.20 
58736	27.3833 	118.8167 	263.60 	262.40 
58737	27.0500 	118.3167 	155.70 	154.90 
58744	27.4500 	119.4167 	816.90 	815.90 
58747	27.1500 	119.3500 	900.30 	899.30 
58748	27.1000 	119.6500 	51.50 	50.50 
58749	27.2333 	119.8833 	685.10 	684.10 
58754	27.3333 	120.2000 	37.00 	36.20 
58818	26.2333 	116.6333 	359.70 	358.90 
58819	26.1833 	116.8167 	338.00 	336.90 
58820	26.9000 	117.1667 	344.10 	342.90 
58822	26.8333 	116.8500 	343.50 	342.30 
58823	26.8000 	117.8000 	176.40 	175.20 
58824	26.4000 	117.1500 	358.40 	357.40 
58826	26.4000 	117.8000 	121.50 	120.60 
58828	26.2667 	117.6167 	209.20 	208.20 
58836	26.5833 	118.7333 	362.70 	361.50 
58837	26.1500 	118.1500 	205.90 	204.80 
58839	26.2333 	118.8500 	41.80 	40.80 
58843	26.8833 	120.0167 	57.80 	56.80 
58844	26.1500 	119.1500 	58.60 	57.80 
58845	26.5000 	119.5333 	61.50 	60.50 
58846	26.6667 	119.5167 	33.20 	32.40 
58847	26.0833 	119.2833 	84.80 	84.00 
58848	26.2000 	119.5500 	14.40 	13.40 
58850	26.9167 	120.2333 	93.20 	92.20 
58911	25.8500 	116.3667 	311.20 	310.00 
58917	25.0833 	116.1000 	308.20 	307.00 
58918	25.0500 	116.4167 	198.70 	198.00 
58923	25.7000 	117.8333 	400.90 	400.10 
58926	25.3000 	117.4167 	206.50 	205.30 
58927	25.0500 	117.0167 	377.00 	376.00 
58928	25.0167 	117.5333 	167.70 	166.50 
58929	25.0667 	118.1500 	69.00 	68.00 
58931	25.7167 	118.1000 	1654.60 	1653.50 
58932	25.8667 	118.9333 	86.60 	85.60 
58934	25.3333 	118.2667 	171.30 	170.30 
58935	25.4833 	118.2333 	522.40 	521.40 
58938	25.2333 	118.9833 	24.30 	23.10 
58941	25.9667 	119.5000 	26.90 	25.90 
58942	25.7167 	119.3833 	40.30 	39.20 
58944	25.5167 	119.7833 	33.40 	32.40 
58946	25.4500 	119.0000 	81.90 	81.10 
59113	24.7333 	116.7167 	227.90 	226.90 
59122	24.6167 	117.7500 	44.00 	43.00 
59124	24.5167 	117.3833 	54.70 	53.70 
59125	24.3833 	117.3000 	109.50 	108.50 
59127	24.4333 	117.8333 	32.80 	32.10 
59129	24.1333 	117.6000 	53.80 	53.00 
59130	24.7333 	118.1500 	31.70 	30.80 
59131	24.9667 	118.3667 	46.60 	45.40 
59133	24.9000 	118.9167 	22.50 	21.80 
59134	24.4833 	118.0667 	140.60 	139.40 
59320	23.7500 	117.1333 	38.80 	37.80 
59322	23.9833 	117.3667 	23.80 	22.80 
52323	41.8000 	97.0333 	1771.60 	1770.40 
52515	39.5167 	94.8667 	2138.60 	2137.20 
52533	39.7667 	98.4833 	1478.40 	1477.20 
52546	39.3667 	99.8333 	1333.40 	1332.20 
52557	39.1500 	100.1667 	1454.90 	1453.70 
52643	38.8333 	99.6167 	2313.00 	2311.80 
52652	39.0833 	100.2833 	1462.30 	1461.10 
52656	38.4333 	100.8167 	2282.60 	2281.40 
52674	38.2333 	101.9667 	1978.10 	1976.90 
52679	37.9167 	102.6667 	1532.70 	1531.50 
52681	38.6333 	103.0833 	1368.70 	1367.50 
52784	37.4667 	102.9000 	2073.60 	2072.40 
52787	37.2000 	102.8667 	3046.30 	3045.10 
52797	37.1833 	104.0500 	1632.10 	1630.90 
52881	36.9833 	103.1833 	2486.00 	2484.80 
52884	36.3500 	103.9500 	1669.70 	1668.50 
52885	36.7500 	103.2500 	2120.00 	2118.80 
52895	36.5667 	104.6833 	1399.40 	1398.20 
52896	36.5500 	104.1500 	1739.90 	1738.70 
52978	35.2000 	102.5167 	2930.60 	2929.40 
52980	35.9667 	103.3000 	1649.20 	1648.00 
52981	35.6833 	103.3833 	2422.20 	2421.00 
52982	35.4833 	103.5500 	1954.40 	1953.20 
52983	35.8667 	104.1500 	1875.60 	1874.40 
52984	35.5833 	103.1833 	1918.40 	1917.20 
52985	35.4167 	103.3333 	2164.00 	2162.80 
52986	35.3667 	103.8667 	1895.00 	1893.80 
52988	35.3667 	103.7167 	2017.00 	2015.80 
52993	35.6833 	105.0667 	1740.60 	1739.40 
52995	35.5833 	104.6167 	1898.40 	1897.20 
52996	35.3833 	105.0167 	2451.80 	2450.60 
52998	35.1333 	104.2000 	2112.20 	2111.00 
53821	36.5667 	107.3000 	1256.80 	1255.60 
53829	35.9833 	107.9000 	1094.90 	1093.70 
53906	35.5167 	105.7167 	1657.60 	1656.40 
53908	35.2167 	105.2333 	1769.40 	1768.20 
53915	35.5500 	106.6667 	1347.80 	1346.60 
53917	35.2167 	106.0667 	1632.20 	1631.00 
53923	35.7333 	107.6333 	1422.20 	1421.00 
53924	35.0667 	107.6167 	967.80 	966.60 
53925	35.6833 	107.1833 	1173.70 	1172.50 
53926	35.3500 	107.3500 	1030.00 	1028.80 
53927	35.2000 	106.6167 	1478.80 	1477.60 
53928	35.3000 	107.0167 	1150.30 	1149.10 
53930	36.4500 	107.9833 	1272.20 	1271.00 
53934	35.7833 	107.9833 	1275.70 	1274.20 
53935	35.4833 	108.4000 	1483.10 	1481.90 
53937	35.5167 	107.9167 	980.60 	979.40 
56071	34.5833 	102.5000 	3106.90 	3105.70 
56074	34.0000 	102.0833 	3472.60 	3471.40 
56080	35.0000 	102.9000 	2911.20 	2910.00 
56081	34.7000 	103.3500 	2811.40 	2810.20 
56082	34.5833 	103.5000 	2541.50 	2540.30 
56084	34.0667 	103.2333 	2375.40 	2374.20 
56091	34.8500 	104.4667 	1884.50 	1883.30 
56092	35.0000 	104.6500 	1729.40 	1728.20 
56093	34.4333 	104.0167 	2316.20 	2315.00 
56094	33.7833 	104.3667 	1401.20 	1400.00 
56095	34.0333 	104.3833 	1754.40 	1753.20 
56096	33.4000 	104.9167 	1080.30 	1079.10 
56192	32.9500 	104.6667 	1015.50 	1014.30 
57001	34.7500 	105.3333 	1273.10 	1271.90 
57002	34.8500 	105.6500 	1217.30 	1216.10 
57004	34.7333 	104.8833 	1496.60 	1495.40 
57006	34.5833 	105.7500 	1142.80 	1141.60 
57007	34.1833 	105.1833 	1405.80 	1404.60 
57008	34.0333 	105.3000 	1580.20 	1579.00 
57011	34.7500 	106.1500 	1379.40 	1378.20 
57012	34.9833 	106.2000 	1665.70 	1664.50 
57014	34.5667 	105.8667 	1086.40 	1085.20 
57102	33.7500 	105.7167 	971.20 	970.00 
57105	33.3333 	105.6000 	1222.40 	1221.20 
57110	33.7833 	106.0833 	932.00 	930.80 
57111	33.9167 	106.3000 	962.60 	961.40 
57988	25.1500 	113.3500 	103.50 	102.60 
57989	25.0667 	113.7667 	113.60 	112.70 
57996	25.0833 	114.2500 	150.50 	149.70 
59071	24.7333 	112.2833 	175.10 	174.40 
59072	24.8000 	112.3667 	132.20 	131.50 
59074	24.5667 	112.1500 	301.40 	300.60 
59075	24.4833 	112.6333 	71.30 	70.50 
59081	24.7833 	113.2833 	131.90 	131.10 
59082	24.6667 	113.6000 	122.30 	121.30 
59087	23.8833 	113.5167 	98.20 	97.20 
59088	24.1833 	113.4167 	75.30 	74.50 
59090	24.9500 	114.0667 	104.10 	103.20 
59094	24.3500 	114.1167 	184.60 	184.10 
59096	24.3667 	114.4833 	215.70 	214.80 
59097	24.0500 	114.2000 	199.30 	198.60 
59099	24.4500 	114.9333 	174.60 	173.70 
59106	24.5833 	115.9000 	153.50 	152.60 
59107	24.1167 	115.2833 	180.40 	179.60 
59109	24.1500 	115.7333 	124.50 	123.60 
59114	24.6500 	116.1667 	136.40 	135.70 
59116	24.3333 	116.7000 	81.90 	81.00 
59117	24.2833 	116.0667 	116.90 	116.00 
59264	23.4000 	111.5000 	84.30 	83.60 
59268	23.2500 	111.5333 	30.10 	29.20 
59269	23.1667 	111.7833 	47.80 	47.20 
59270	23.9167 	112.1833 	85.60 	84.80 
59271	23.6333 	112.4333 	58.20 	57.30 
59276	23.3500 	112.6500 	41.00 	40.10 
59278	23.0333 	112.4500 	41.90 	41.00 
59279	23.1833 	112.8667 	25.00 	24.10 
59280	23.7167 	113.0833 	79.90 	79.20 
59284	23.4167 	113.2333 	39.80 	38.90 
59285	23.5667 	113.6000 	39.20 	38.30 
59287	23.2167 	113.4833 	71.50 	70.70 
59288	23.1500 	113.0167 	30.30 	29.50 
59289	22.9667 	113.7333 	56.80 	56.00 
59290	23.7833 	114.2500 	86.00 	85.50 
59293	23.8000 	114.7333 	71.60 	70.80 
59294	23.3333 	113.8333 	31.50 	30.80 
59297	23.1833 	114.2833 	17.90 	17.00 
59298	23.0667 	114.3667 	109.30 	108.50 
59303	23.9167 	115.7500 	136.80 	135.90 
59304	23.6333 	115.1833 	177.60 	176.80 
59306	23.4500 	115.8500 	81.50 	80.80 
59310	23.7667 	116.1833 	46.20 	45.30 
59312	23.6667 	116.7000 	61.50 	60.70 
59313	23.6833 	116.9833 	45.50 	44.70 
59314	23.3000 	116.1333 	29.80 	29.00 
59315	23.5833 	116.4000 	44.00 	43.20 
59316	23.4000 	116.6833 	3.90 	2.90 
59317	23.0333 	116.3000 	15.30 	14.40 
59318	23.2667 	116.5833 	6.70 	5.90 
59319	23.4333 	116.8333 	4.60 	4.10 
59324	23.4333 	117.0333 	8.00 	7.20 
59456	22.3500 	110.9333 	142.20 	141.40 
59462	22.7000 	111.6000 	60.90 	60.00 
59469	22.1667 	111.7833 	38.60 	37.70 
59470	22.7000 	112.2000 	58.20 	57.40 
59471	22.9333 	112.0500 	102.60 	101.80 
59473	22.7667 	112.9667 	20.60 	19.80 
59475	22.4000 	112.6500 	28.50 	27.70 
59476	22.5333 	113.0333 	37.10 	36.30 
59477	22.2667 	112.2333 	68.50 	68.00 
59478	22.2500 	112.7833 	33.70 	32.70 
59480	22.8500 	113.2500 	22.40 	21.40 
59481	22.9333 	113.3167 	13.20 	12.30 
59485	22.5000 	113.4000 	34.50 	33.70 
59487	22.2333 	113.3000 	24.30 	23.40 
59488	22.2833 	113.5667 	52.30 	51.50 
59492	22.9667 	114.7333 	48.20 	47.40 
59493	22.5333 	114.0000 	63.90 	63.00 
59500	22.9667 	115.3167 	7.30 	6.50 
59501	22.8000 	115.3667 	17.70 	16.70 
59502	22.9500 	115.6500 	6.40 	5.60 
59650	21.4000 	110.2500 	32.30 	29.70 
59653	21.9333 	110.8500 	32.00 	31.30 
59654	21.6333 	110.3000 	30.00 	29.30 
59655	21.6500 	110.6167 	33.00 	32.20 
59656	21.4000 	110.8167 	28.00 	27.30 
59658	21.1500 	110.3000 	54.10 	53.30 
59659	21.7500 	110.9167 	34.10 	33.30 
59663	21.8333 	111.9667 	90.80 	89.90 
59664	21.5333 	110.9833 	32.40 	31.60 
59673	21.7333 	112.7667 	22.30 	21.50 
59750	20.9667 	110.0667 	34.10 	33.30 
59754	20.3333 	110.1833 	56.70 	55.90 
57859	26.0333 	110.6333 	409.60 	408.40 
57927	24.9667 	107.1833 	288.50 	287.30 
57941	25.7833 	109.6000 	198.40 	197.30 
57942	25.8000 	110.0000 	269.20 	268.00 
57947	25.2167 	109.4000 	122.50 	121.30 
57948	25.0833 	109.2500 	123.90 	122.70 
57949	24.9833 	110.0000 	158.00 	156.80 
57954	25.2333 	110.1833 	158.80 	157.60 
57955	25.6167 	110.6667 	225.20 	224.00 
57956	25.4167 	110.3167 	169.10 	167.90 
57957	25.3167 	110.3000 	165.60 	164.40 
57960	25.9333 	111.0667 	196.80 	195.60 
57964	25.5000 	111.1500 	264.30 	263.10 
59001	24.7833 	105.3333 	673.40 	672.20 
59004	24.5000 	105.1000 	727.10 	725.90 
59012	24.7833 	106.5500 	973.40 	972.10 
59015	24.3500 	106.5667 	439.10 	437.90 
59017	24.2667 	106.2667 	279.40 	278.20 
59021	24.5500 	107.0333 	510.60 	509.40 
59023	24.7000 	108.0333 	261.20 	260.20 
59025	24.5333 	107.3833 	250.00 	248.80 
59027	24.1333 	107.2500 	256.10 	254.90 
59031	24.8167 	108.2667 	343.50 	342.30 
59034	24.4833 	108.6667 	151.90 	150.70 
59037	23.9333 	108.1000 	172.00 	170.80 
59038	24.0667 	108.6500 	139.70 	138.50 
59041	24.6500 	109.2500 	109.40 	108.30 
59044	24.4667 	109.3833 	98.70 	97.50 
59045	24.4833 	109.7500 	95.90 	94.70 
59046	24.3500 	109.4000 	97.80 	96.80 
59047	24.2500 	109.3333 	102.10 	100.90 
59052	24.8333 	110.8167 	170.80 	169.60 
59053	24.6167 	110.6667 	107.00 	105.80 
59055	24.5000 	110.4000 	166.90 	165.70 
59057	24.1333 	110.1833 	832.10 	830.90 
59058	24.2000 	110.5167 	183.10 	181.90 
59059	24.1833 	110.8000 	107.00 	105.80 
59065	24.4167 	111.5000 	149.90 	148.70 
59209	23.4167 	105.8333 	795.10 	794.10 
59211	23.9000 	106.6000 	175.90 	174.70 
59215	23.3333 	106.6333 	681.20 	680.00 
59218	23.1333 	106.4167 	741.10 	739.90 
59224	23.6000 	107.1167 	112.40 	111.20 
59227	23.1167 	107.1333 	455.40 	454.20 
59228	23.3167 	107.5833 	110.00 	108.80 
59229	23.1667 	107.7000 	126.90 	125.70 
59230	23.7167 	108.1667 	169.20 	168.00 
59235	23.4333 	108.6167 	116.80 	115.50 
59237	23.1667 	108.2833 	112.80 	111.7
59238	23.2167 	108.8000 	123.70 	122.50 
59241	23.9667 	109.6833 	91.70 	90.50 
59242	23.7500 	109.2333 	86.10 	84.90 
59246	23.6000 	109.6667 	71.20 	70.00 
59255	23.5500 	110.3833 	33.70 	32.50 
59256	23.3667 	110.9167 	55.90 	54.70 
59265	23.4833 	111.3000 	116.00 	114.80 
59266	23.4167 	111.2333 	43.70 	42.50 
59419	22.1000 	106.7500 	243.40 	242.50 
59421	22.8333 	107.2000 	256.30 	255.10 
59429	22.1833 	108.0167 	217.20 	216.00 
59431	22.6333 	108.2167 	122.60 	121.60 
59432	22.8000 	108.4000 	195.60 	194.60 
59435	22.7667 	108.4833 	75.90 	74.70 
59441	22.7000 	109.2500 	79.70 	78.50 
59446	22.4167 	109.3000 	67.80 	66.60 
59448	22.2667 	109.5500 	70.80 	69.60 
59449	22.3000 	109.9833 	87.10 	85.90 
59451	22.7000 	110.3500 	99.40 	98.10 
59452	22.8333 	110.5333 	132.70 	131.50 
59454	22.9500 	111.0000 	203.20 	202.00 
59457	22.3167 	110.2667 	122.80 	121.60 
59632	21.9500 	108.6167 	5.80 	4.80 
59635	21.6167 	108.3500 	32.50 	31.30 
59640	21.6667 	109.1833 	6.60 	5.50 
59644	21.4500 	109.1333 	14.00 	12.80 
56598	27.1333 	104.7333 	1538.10 	1535.10 
56691	26.8667 	104.2833 	2238.60 	2237.50 
56792	25.7833 	104.9667 	1648.50 	1649.40 
56793	25.7167 	104.4667 	1796.00 	1800.00 
57606	28.1333 	106.8333 	972.70 	972.00 
57623	28.8833 	107.6000 	684.60 	685.60 
57625	28.5500 	107.4500 	678.20 	679.70 
57634	28.5167 	107.8833 	658.00 	660.30 
57636	28.5667 	108.5000 	335.40 	334.60 
57637	28.2500 	108.1000 	630.50 	629.50 
57647	28.1500 	109.1833 	406.90 	406.10 
57707	27.3000 	105.2833 	1511.50 	1510.60 
57708	27.1500 	105.6000 	1701.20 	1700.00 
57710	27.8000 	106.4000 	891.00 	890.30 
57714	27.4667 	106.2333 	943.00 	942.00 
57717	27.5333 	106.8333 	975.00 	974.10 
57718	27.1000 	106.7167 	1113.20 	1112.10 
57719	27.0667 	106.9667 	1280.70 	1275.60 
57722	27.7667 	107.4667 	792.90 	792.20 
57723	27.9833 	107.7167 	709.10 	710.20 
57728	27.0667 	107.4667 	1097.90 	1096.70 
57729	27.2333 	107.8833 	621.30 	622.10 
57731	27.9500 	108.2500 	417.70 	416.80 
57732	28.0167 	108.4000 	458.00 	456.50 
57734	27.5667 	108.2333 	468.50 	467.50 
57735	27.1833 	108.8167 	405.30 	404.30 
57736	27.7000 	108.8500 	370.70 	369.20 
57737	27.0333 	108.1167 	548.30 	547.30 
57738	27.0500 	108.4167 	517.00 	516.30 
57739	27.2333 	108.9167 	391.20 	394.80 
57741	27.7167 	109.1833 	283.50 	282.70 
57742	27.5167 	109.2000 	885.30 	884.30 
57800	26.7667 	105.3667 	1458.60 	1457.10 
57803	27.0333 	106.0167 	1234.50 	1231.40 
57805	26.6833 	105.7667 	1320.80 	1319.30 
57806	26.2500 	105.9000 	1430.50 	1431.10 
57807	26.2000 	105.4667 	1363.20 	1361.90 
57808	26.3167 	105.7500 	1275.70 	1274.50 
57809	26.0667 	105.7500 	1252.00 	1251.00 
57811	26.8333 	106.6000 	1296.70 	1296.70 
57814	26.4167 	106.2667 	1299.20 	1298.20 
57816	26.5833 	106.7333 	1224.90 	1223.80 
57821	26.7000 	107.5000 	926.50 	925.00 
57822	26.9000 	107.9000 	836.50 	835.00 
57824	26.5833 	107.2333 	1005.70 	1001.00 
57825	26.6000 	107.9833 	721.20 	720.30 
57827	26.3167 	107.5333 	970.20 	969.10 
57828	26.5000 	107.5833 	983.90 	983.80 
57829	26.2000 	107.8000 	964.20 	963.20 
57832	26.9667 	108.6667 	627.80 	626.90 
57834	26.6833 	108.3000 	643.10 	641.30 
57835	26.7167 	108.4333 	528.40 	527.20 
57837	26.4000 	108.0667 	840.00 	839.00 
57839	26.2333 	109.1500 	569.40 	568.80 
57840	26.9000 	109.2000 	402.40 	401.40 
57844	26.6833 	109.1833 	344.00 	343.00 
57900	25.8333 	105.2167 	1553.60 	1552.70 
57902	25.4333 	105.1833 	1379.30 	1378.50 
57903	25.9333 	105.6000 	1138.40 	1142.00 
57905	25.4000 	105.6333 	1063.80 	1063.30 
57906	25.1833 	106.0833 	567.00 	566.80 
57907	25.0833 	104.9000 	1300.70 	1299.60 
57908	25.1167 	105.4833 	1393.50 	1394.50 
57909	24.9833 	105.8167 	584.80 	584.80 
57910	25.7667 	106.0833 	1198.80 	1197.60 
57911	26.6667 	106.6500 	1324.20 	1323.00 
57912	26.1333 	106.6333 	992.10 	990.90 
57913	26.4500 	106.9833 	1094.70 	1093.70 
57914	26.4167 	106.6667 	1149.80 	1149.00 
57915	26.6333 	106.7667 	1104.90 	1104.00 
57916	25.4333 	106.7667 	440.10 	440.30 
57921	25.8333 	107.3167 	710.20 	708.70 
57922	25.8333 	107.5500 	1015.50 	1013.30 
57923	25.9833 	107.8667 	418.50 	419.00 
57926	25.4167 	107.8833 	432.90 	428.70 
57932	25.9667 	108.5333 	288.80 	285.70 
57936	25.7500 	108.9167 	259.10 	258.10 
59757	20.0000 	110.3667 	10.70 	9.90 
59758	20.0000 	110.2500 	64.70 	63.50 
59838	19.1000 	108.6167 	8.80 	7.60 
59842	19.9000 	109.6833 	32.50 	31.70 
59843	19.7333 	110.0000 	36.30 	31.40 
59845	19.5167 	109.5833 	170.20 	169.00 
59847	19.2667 	109.0500 	101.10 	98.10 
59848	19.2333 	109.4333 	219.30 	215.60 
59849	19.0333 	109.8333 	253.00 	250.90 
59851	19.6667 	110.3333 	54.50 	53.30 
59854	19.3667 	110.1000 	119.10 	118.30 
59855	19.2333 	110.4667 	25.20 	24.00 
59856	19.6167 	110.7500 	26.70 	21.70 
59941	18.7667 	109.5167 	327.20 	328.50 
59945	18.6500 	109.7000 	65.00 	68.60 
59951	18.8000 	110.3333 	41.10 	39.90 
53392	41.8500 	114.6000 	1423.50 	1422.40 
53397	41.1000 	113.9833 	1377.70 	1376.50 
53399	41.1500 	114.7000 	1394.40 	1393.30 
53491	40.6667 	114.3833 	838.80 	837.70 
53492	40.1000 	114.1500 	938.70 	937.60 
53498	40.5667 	115.0333 	630.50 	629.30 
53499	40.7667 	114.7333 	756.20 	755.20 
53593	39.8333 	114.5667 	910.50 	909.50 
53596	38.8500 	115.1333 	53.40 	52.20 
53599	39.3667 	114.6833 	885.60 	884.40 
53680	38.3000 	114.3833 	110.10 	108.90 
53682	38.6333 	114.6833 	105.30 	104.10 
53688	38.4167 	114.5500 	101.80 	100.30 
53689	38.0167 	115.0667 	43.50 	42.40 
53690	38.8500 	114.1833 	283.10 	281.90 
53691	38.1500 	114.5667 	72.10 	71.00 
53692	38.7333 	114.9833 	67.60 	66.50 
53693	38.0333 	114.1333 	256.60 	255.50 
53694	38.2667 	114.2167 	132.00 	131.00 
53695	38.3500 	114.6833 	72.00 	70.80 
53696	38.5500 	115.0167 	42.30 	41.40 
53697	38.0333 	114.8333 	54.60 	53.50 
53699	38.1833 	114.9500 	46.60 	45.40 
53773	36.3333 	114.6167 	65.80 	64.60 
53781	36.8667 	114.4667 	69.00 	67.90 
53784	37.7500 	114.7833 	39.60 	38.50 
53785	37.5167 	114.6667 	36.20 	35.00 
53789	37.8833 	114.6333 	54.00 	52.90 
53790	37.6333 	114.6000 	45.70 	44.50 
53791	37.7667 	114.5167 	67.50 	66.40 
53792	37.4500 	114.4833 	114.20 	113.00 
53794	37.3500 	114.7500 	34.30 	33.10 
53795	37.6500 	114.3667 	138.50 	137.40 
53796	37.6167 	114.8833 	31.80 	30.60 
53797	37.2833 	114.5167 	75.10 	73.90 
53798	37.0667 	114.5000 	78.50 	77.30 
53799	37.2333 	114.9833 	27.10 	25.90 
53883	37.1333 	114.7000 	37.70 	36.50 
53886	36.5667 	113.6667 	471.60 	470.40 
53890	36.6667 	114.1000 	281.30 	280.10 
53891	37.0167 	114.6833 	44.20 	43.00 
53892	36.6167 	114.4667 	67.70 	66.60 
53893	36.7667 	114.9500 	40.80 	39.60 
53894	36.4000 	114.2000 	150.50 	149.30 
53895	36.7833 	114.5000 	61.80 	60.60 
53896	36.3500 	114.9500 	51.30 	50.10 
53897	36.3833 	114.3833 	70.90 	69.70 
53899	36.4833 	114.9667 	49.70 	48.50 
53980	36.5500 	114.8000 	51.30 	50.20 
53996	36.4500 	114.6500 	59.00 	57.90 
54301	41.6667 	115.6667 	1413.10 	1412.00 
54304	40.9500 	115.2667 	1241.10 	1239.80 
54308	41.2000 	116.6333 	736.30 	735.10 
54311	41.9667 	117.7667 	893.80 	892.70 
54318	41.3167 	117.7333 	562.80 	561.60 
54319	41.0000 	118.6667 	503.30 	502.30 
54401	40.7667 	114.9167 	774.10 	772.80 
54404	40.8833 	115.8333 	868.70 	867.60 
54405	40.4167 	115.5000 	572.10 	570.90 
54408	40.3833 	115.2167 	530.70 	529.60 
54420	40.9333 	117.3333 	530.10 	529.00 
54423	40.9667 	117.9167 	423.50 	422.30 
54425	40.4000 	117.4667 	634.40 	633.20 
54429	40.2000 	117.9500 	56.10 	54.90 
54430	40.7667 	118.1500 	270.30 	269.20 
54432	40.6000 	118.4833 	305.80 	304.70 
54434	40.1667 	118.3333 	132.80 	131.60 
54436	40.4167 	118.9500 	255.40 	254.30 
54437	39.5000 	118.6167 	19.30 	18.30 
54438	39.8833 	118.8833 	66.10 	65.00 
54439	40.0167 	118.7167 	52.00 	50.90 
54449	39.8500 	119.5167 	3.50 	2.40 
54502	39.4833 	116.0333 	30.40 	29.30 
54503	39.0667 	115.8167 	14.00 	12.80 
54506	39.3167 	115.9500 	25.70 	24.60 
54507	39.3333 	115.5167 	50.80 	49.30 
54510	39.9167 	116.9500 	19.30 	18.30 
54512	39.4167 	116.2833 	22.60 	21.40 
54515	39.5000 	116.7000 	14.80 	13.70 
54518	39.1667 	116.4000 	10.40 	8.90 
54519	39.3000 	116.4833 	13.40 	12.20 
54520	39.9667 	117.0833 	19.30 	18.10 
54521	39.7667 	116.9833 	14.20 	13.00 
54522	39.8833 	117.7333 	15.60 	14.40 
54531	39.7333 	118.7167 	44.10 	43.00 
54532	39.8000 	118.0833 	32.80 	31.60 
54533	39.5833 	118.1000 	10.10 	8.90 
54534	39.6500 	118.1000 	24.50 	23.20 
54535	39.2833 	118.4667 	4.40 	3.20 
54539	39.4333 	118.8833 	9.70 	8.50 
54540	39.7333 	119.2000 	18.70 	17.60 
54541	39.9000 	119.2333 	25.40 	24.30 
54601	38.9833 	115.6500 	14.30 	13.10 
54602	38.7333 	115.4833 	17.90 	16.80 
54603	38.7167 	115.7667 	11.20 	10.00 
54604	38.4167 	115.3333 	30.80 	29.60 
54605	38.9333 	115.9333 	5.60 	4.40 
54606	38.2333 	115.7333 	20.20 	19.00 
54607	38.7167 	115.1167 	46.20 	45.00 
54608	38.0000 	115.5500 	27.30 	26.10 
54609	38.2333 	115.5833 	23.60 	22.40 
54610	38.7333 	116.1000 	9.20 	8.10 
54611	38.9333 	115.3167 	45.90 	44.80 
54612	38.8500 	116.4500 	5.40 	4.30 
54613	38.7000 	116.6167 	8.00 	6.90 
54614	38.4167 	116.0500 	12.40 	10.90 
54615	38.5833 	116.8500 	9.30 	8.00 
54616	38.3500 	116.8500 	9.10 	8.00 
54617	38.1833 	116.1167 	14.40 	13.20 
54618	38.0833 	116.5500 	14.30 	13.20 
54620	38.4833 	115.5667 	19.70 	18.50 
54621	38.1833 	115.1833 	39.30 	38.10 
54624	38.4000 	117.3167 	6.00 	4.50 
54626	38.4167 	115.8167 	15.10 	13.90 
54627	38.0333 	117.2333 	9.40 	8.20 
54628	38.1500 	117.4833 	7.60 	6.40 
54631	37.0667 	115.1500 	33.60 	32.40 
54632	37.0667 	115.0333 	35.20 	34.00 
54633	37.5167 	115.2333 	27.50 	26.30 
54636	39.0167 	116.1000 	12.20 	11.10 
54640	36.9167 	114.8667 	37.20 	36.00 
54644	38.0500 	117.1167 	11.70 	10.50 
54700	38.0333 	115.9333 	17.40 	16.20 
54701	37.9333 	115.2000 	36.90 	35.90 
54702	37.7333 	115.7000 	21.90 	20.70 
54703	37.8000 	115.8833 	22.50 	21.30 
54704	37.5167 	115.5667 	26.00 	24.80 
54705	37.3667 	115.3833 	28.60 	27.40 
54706	37.0833 	115.6667 	32.70 	31.50 
54707	37.3500 	115.9833 	28.60 	27.40 
54708	37.5000 	115.7333 	24.70 	23.60 
54710	37.8667 	116.1667 	19.80 	18.60 
54711	37.7000 	116.2833 	19.50 	18.30 
54713	37.8833 	116.5333 	15.60 	14.40 
54717	37.6333 	116.4000 	18.30 	17.10 
54719	38.0333 	116.6833 	12.30 	11.10 
54800	37.0000 	115.2500 	34.50 	33.30 
54801	36.8500 	115.4833 	36.50 	35.30 
54804	36.3000 	115.1333 	46.00 	44.90 
54809	36.5500 	115.2833 	42.50 	41.30 
54820	36.8167 	115.1667 	37.90 	36.70 
53889	36.0667 	113.8167 	308.60 	306.80 
53898	36.0500 	114.1333 	195.70 	194.80 
53972	35.0500 	112.9000 	118.50 	117.50 
53974	35.6167 	114.2333 	71.30 	70.40 
53978	35.0833 	112.6333 	140.90 	140.10 
53979	35.1500 	113.0833 	121.10 	120.00 
53982	35.2333 	113.2667 	113.50 	112.00 
53983	35.0333 	114.4167 	70.80 	69.60 
53984	35.2333 	113.4667 	83.70 	82.70 
53985	35.5000 	113.8167 	142.20 	140.70 
53986	35.3167 	113.8833 	74.20 	73.20 
53987	35.1000 	113.3500 	95.50 	94.50 
53989	35.0833 	113.9833 	76.90 	75.90 
53988	35.2667 	113.6667 	78.80 	77.60 
53991	35.9167 	114.3333 	93.90 	93.00 
53992	35.6500 	114.5167 	59.20 	58.20 
53993	35.9333 	114.9167 	52.40 	51.60 
53994	35.3833 	114.0667 	71.20 	70.00 
53995	35.5500 	114.5000 	64.50 	62.50 
53997	35.1500 	114.1833 	72.30 	71.10 
53998	35.2000 	114.6500 	62.50 	61.60 
54817	35.9833 	115.8667 	43.10 	42.10 
54900	35.7000 	115.0167 	54.70 	53.70 
54901	36.0833 	115.1667 	48.50 	47.50 
54902	35.9000 	115.1167 	50.50 	49.50 
54903	35.8500 	115.4833 	50.60 	45.70 
57051	34.8000 	111.2000 	410.90 	409.90 
57056	34.5333 	110.8500 	485.50 	484.50 
57063	34.7667 	111.7667 	523.60 	523.60 
57066	34.4000 	111.6667 	408.70 	408.20 
57070	34.7333 	112.1167 	359.50 	364.00 
57071	34.8167 	112.4333 	333.20 	333.30 
57072	34.9167 	112.7500 	128.50 	127.50 
57074	34.4167 	112.4000 	246.90 	252.20 
57075	34.1667 	112.8667 	204.30 	203.10 
57076	34.7333 	112.7833 	190.10 	189.50 
57078	34.1500 	112.4667 	334.00 	336.50 
57079	34.9500 	113.0333 	106.90 	106.40 
57080	34.7333 	112.9667 	166.10 	165.20 
57081	34.8000 	113.4333 	141.90 	140.90 
57082	34.4667 	113.0167 	428.40 	427.10 
57083	34.7167 	113.6500 	111.60 	110.40 
57084	34.5000 	113.0500 	1179.00 	1178.40 
57085	34.5333 	113.3333 	264.80 	259.90 
57086	34.3833 	113.7167 	116.80 	116.60 
57087	34.2667 	113.7333 	105.00 	104.10 
57088	34.1500 	113.5000 	117.70 	116.10 
57089	34.0667 	113.9333 	68.20 	67.20 
57090	34.7167 	113.9667 	80.20 	78.10 
57091	34.7833 	114.3000 	74.80 	73.70 
57093	34.8500 	114.8167 	74.00 	73.30 
57094	34.4000 	114.2167 	68.50 	67.40 
57095	34.1167 	114.1500 	62.20 	61.10 
57096	34.5333 	114.7833 	60.70 	59.70 
57098	34.0833 	114.4000 	59.30 	58.30 
57099	34.0667 	114.8500 	53.60 	52.60 
57156	33.3000 	111.5000 	251.30 	250.30 
57162	34.1333 	112.0667 	439.70 	440.70 
57169	33.0500 	111.8667 	160.00 	159.10 
57173	33.7500 	112.8833 	146.80 	145.70 
57175	33.0500 	112.2333 	192.20 	191.40 
57176	33.4833 	112.4167 	230.40 	231.10 
57177	33.3333 	113.5333 	91.30 	89.80 
57178	33.1000 	112.4833 	181.60 	180.60 
57179	33.2833 	113.0000 	161.60 	160.40 
57180	33.9833 	113.2000 	118.60 	117.50 
57181	33.8833 	113.0500 	137.40 	136.40 
57182	33.8500 	113.5167 	81.40 	80.40 
57183	33.8000 	113.9167 	65.20 	60.00 
57184	33.6333 	113.3000 	98.50 	97.50 
57185	33.4500 	113.5833 	92.10 	91.10 
57186	33.6000 	114.0500 	59.80 	58.70 
57187	33.0667 	112.9333 	119.30 	118.00 
57188	33.3667 	114.0333 	56.80 	55.90 
57189	33.1333 	113.9500 	65.50 	64.60 
57190	33.7500 	114.4000 	51.60 	50.50 
57191	34.4833 	114.4833 	64.20 	63.40 
57192	33.7333 	114.8500 	46.60 	45.50 
57193	33.7833 	114.5167 	53.60 	52.60 
57194	33.2833 	114.2667 	60.90 	59.80 
57195	33.6167 	114.6167 	47.60 	46.60 
57196	33.4667 	114.8667 	42.80 	42.00 
57197	32.9667 	114.3500 	51.10 	50.10 
57198	33.5000 	114.5667 	45.60 	44.60 
57261	33.1167 	111.5167 	234.50 	233.00 
57271	32.5167 	112.3833 	88.70 	87.70 
57273	32.6833 	112.8500 	110.50 	109.50 
57274	32.7000 	112.1167 	108.80 	107.60 
57281	32.7000 	113.3000 	143.10 	142.20 
57285	32.3833 	113.4167 	154.00 	153.00 
57290	32.9333 	113.9167 	107.20 	106.20 
57292	32.9667 	114.6333 	45.30 	44.40 
57293	32.7333 	114.9833 	39.10 	38.00 
57294	32.8333 	114.0167 	84.60 	83.60 
57295	32.6167 	114.3500 	80.20 	78.50 
57296	32.3500 	114.7333 	50.10 	48.90 
57297	32.1333 	114.0500 	115.40 	114.50 
57298	32.2167 	114.5500 	56.20 	55.40 
57299	32.0167 	114.9000 	50.60 	49.40 
57390	31.8000 	114.0667 	734.70 	733.50 
57396	31.6333 	114.8500 	129.70 	128.70 
58001	34.4333 	115.1000 	56.90 	56.30 
58004	34.6500 	115.1500 	61.60 	60.60 
58005	34.4500 	115.6667 	51.10 	50.10 
58006	34.3833 	115.8833 	50.60 	46.30 
58007	34.0667 	115.3000 	53.20 	47.20 
58008	34.4667 	115.3333 	59.20 	54.40 
58017	34.2500 	116.1333 	42.00 	41.00 
58100	33.6500 	115.1667 	42.40 	41.40 
58101	33.8667 	115.4833 	42.80 	41.30 
58104	33.4000 	115.0667 	42.50 	41.20 
58111	33.9667 	116.4500 	33.50 	32.50 
58205	32.4667 	115.4333 	36.00 	34.90 
58207	32.1667 	115.0500 	44.00 	42.80 
58208	32.1667 	115.6167 	43.90 	42.90 
58301	31.8167 	115.3833 	92.90 	92.10 
50136	52.9667 	122.5167 	439.70 	438.50 
50137	53.4667 	122.3667 	297.30 	296.00 
50246	52.3500 	124.7167 	363.00 	361.90 
50247	52.0333 	123.5667 	514.90 	514.50 
50349	51.6667 	124.4000 	502.20 	501.50 
50353	51.7333 	126.6333 	175.60 	173.90 
50442	50.4000 	124.1167 	373.40 	371.70 
50468	50.2500 	127.4500 	167.40 	166.40 
50557	49.1667 	125.2333 	243.00 	242.20 
50564	49.4333 	127.3500 	236.00 	234.50 
50566	49.5500 	128.4667 	120.00 	116.00 
50646	48.4833 	124.8500 	204.40 	202.80 
50655	48.5000 	126.1833 	267.70 	266.80 
50656	48.2500 	126.5000 	276.90 	278.40 
50658	48.0500 	125.8833 	239.80 	236.00 
50659	48.0333 	126.2500 	293.10 	291.80 
50673	48.8833 	130.4000 	92.30 	90.40 
50674	48.5667 	129.4333 	404.90 	404.50 
50739	47.3333 	123.1833 	191.60 	190.00 
50741	47.9333 	123.5000 	186.30 	185.20 
50742	47.8000 	124.4833 	163.80 	162.70 
50745	47.3833 	123.9167 	148.50 	147.10 
50749	47.1833 	124.8333 	159.90 	154.60 
50750	47.9000 	125.3000 	228.80 	226.40 
50755	47.6000 	126.1000 	232.40 	230.70 
50756	47.4500 	126.9667 	240.40 	239.20 
50758	47.1833 	125.9000 	248.30 	246.00 
50767	47.2333 	127.1000 	204.00 	202.70 
50772	48.1000 	129.2333 	299.10 	288.00 
50774	47.7000 	128.8333 	259.10 	264.80 
50775	47.3333 	130.2000 	183.30 	182.30 
50776	47.5667 	130.8333 	84.80 	83.30 
50778	47.6667 	132.5333 	59.10 	57.50 
50779	48.3667 	134.2833 	41.20 	40.00 
50787	47.3167 	131.8333 	63.70 	62.70 
50788	47.2333 	131.9833 	68.40 	66.40 
50842	46.8333 	124.4167 	148.90 	145.40 
50844	46.4000 	123.4500 	139.70 	138.80 
50850	46.5667 	125.1333 	148.40 	147.20 
50851	46.6833 	126.0833 	209.20 	207.40 
50852	46.8333 	126.4500 	170.40 	169.10 
50853	46.6167 	126.9667 	181.20 	179.60 
50854	46.3833 	125.3167 	150.40 	149.30 
50858	46.0667 	125.9333 	136.00 	135.00 
50859	46.2833 	126.2833 	169.90 	169.30 
50861	46.8833 	127.4833 	183.20 	182.40 
50862	46.9833 	127.9833 	207.00 	206.00 
50867	46.0833 	127.3500 	134.80 	134.10 
50871	46.7333 	129.8833 	96.40 	95.10 
50873	46.7833 	130.3000 	83.10 	82.00 
50877	46.3000 	129.5833 	101.60 	100.10 
50878	47.0000 	130.7167 	80.20 	78.20 
50879	46.2167 	130.5500 	190.70 	187.00 
50880	46.7333 	131.1167 	104.70 	102.30 
50884	46.6333 	131.1500 	178.00 	175.30 
50888	46.3167 	132.1833 	83.50 	83.00 
50892	46.8000 	134.0000 	57.20 	54.40 
50950	45.7000 	125.2500 	150.20 	148.70 
50953	45.9333 	126.5667 	117.70 	118.30 
50954	45.5000 	125.0833 	129.20 	127.50 
50956	46.0833 	126.7667 	135.30 	134.50 
50958	45.5333 	126.9333 	166.60 	168.20 
50960	45.7333 	127.3833 	184.10 	184.20 
50962	45.9500 	128.0333 	113.50 	112.10 
50963	45.9667 	128.7333 	110.00 	108.60 
50964	45.8333 	128.8000 	123.20 	119.30 
50965	45.4333 	128.2667 	167.80 	167.20 
50968	45.2167 	127.9667 	191.00 	189.70 
50971	45.7667 	131.0167 	226.70 	223.50 
50973	45.7500 	130.6000 	242.80 	234.40 
50978	45.3000 	130.9167 	273.50 	272.50 
50979	45.2667 	130.2333 	276.90 	274.70 
50983	45.7667 	132.9667 	104.80 	100.20 
50985	45.5500 	131.8667 	155.50 	151.70 
50987	45.2667 	131.1000 	224.60 	219.90 
54080	44.9000 	127.1500 	196.50 	194.60 
54092	44.6000 	129.4000 	294.80 	292.10 
54093	44.9333 	130.5500 	271.70 	266.30 
54094	44.5000 	129.6667 	306.50 	305.70 
54096	44.3833 	131.1667 	569.80 	567.80 
54098	44.3333 	129.4667 	272.40 	267.90 
54099	44.0833 	131.1333 	151.30 	148.60 
57249	32.3167 	109.6833 	453.70 	448.20 
57251	33.0000 	110.4167 	249.90 	249.10 
57253	32.8500 	110.8167 	204.00 	201.90 
57256	32.6500 	110.7833 	283.50 	286.50 
57257	32.2333 	110.2333 	309.30 	307.00 
57259	32.0500 	110.7500 	426.40 	426.90 
57260	32.5667 	111.5167 	140.60 	133.40 
57265	32.4333 	111.7333 	128.80 	132.10 
57268	32.2667 	111.6167 	115.50 	120.00 
57278	32.0000 	112.0833 	158.90 	163.40 
57279	32.1500 	112.7500 	127.00 	125.50 
57355	31.0333 	110.3667 	335.00 	334.00 
57359	31.3500 	110.7333 	333.40 	336.80 
57361	31.8833 	111.2667 	331.00 	327.70 
57362	31.7500 	110.6667 	936.20 	935.20 
57363	31.8000 	111.8333 	146.00 	151.00 
57370	31.7333 	112.2167 	68.30 	67.80 
57377	31.0000 	112.2167 	184.80 	191.90 
57378	31.1667 	112.5667 	66.50 	65.80 
57381	31.6167 	113.3333 	113.50 	116.30 
57386	31.2500 	114.0000 	47.10 	51.60 
57387	31.0000 	113.1333 	80.30 	84.60 
57388	31.2667 	113.7000 	54.30 	53.70 
57389	31.0333 	113.7500 	33.50 	32.20 
57395	31.5667 	114.1167 	71.80 	74.90 
57398	31.2833 	114.6167 	75.30 	74.30 
57399	31.1333 	114.9500 	75.20 	74.30 
57439	30.2833 	108.9333 	1075.80 	1074.10 
57445	30.6000 	109.7167 	605.40 	609.20 
57447	30.2833 	109.4667 	458.00 	457.10 
57453	30.7667 	111.3167 	116.40 	115.20 
57458	30.2000 	110.6667 	620.70 	619.90 
57461	30.7333 	111.3667 	257.50 	256.50 
57464	30.4667 	111.1833 	143.80 	142.60 
57465	30.3833 	111.4500 	76.30 	74.10 
57469	30.1833 	111.7667 	68.70 	69.50 
57475	30.4000 	112.9000 	39.20 	31.20 
57476	30.3500 	112.1500 	33.40 	31.80 
57477	30.0667 	112.2167 	46.80 	38.40 
57481	30.9500 	113.5667 	34.70 	30.40 
57482	30.9000 	113.9500 	26.30 	25.50 
57483	30.6667 	113.1333 	32.20 	31.90 
57484	30.7333 	112.5500 	58.30 	57.20 
57485	30.3000 	113.4833 	24.90 	23.70 
57486	30.6500 	113.8500 	26.00 	25.00 
57489	30.5833 	114.0000 	39.40 	38.40 
57492	30.8333 	114.8333 	41.60 	40.70 
57494	30.6000 	114.0500 	24.40 	23.60 
57495	30.6667 	114.8833 	28.80 	28.10 
57496	30.3667 	114.8667 	30.70 	31.30 
57498	30.4333 	114.9000 	22.10 	21.40 
57499	30.0667 	114.8833 	37.30 	40.30 
57540	29.6833 	109.1500 	771.80 	776.90 
57541	30.0000 	109.4833 	535.60 	532.50 
57543	29.9000 	110.0333 	538.70 	539.80 
57545	29.5333 	109.4167 	499.80 	502.80 
57571	29.7000 	112.4000 	40.70 	35.70 
57573	29.8333 	112.9000 	35.10 	30.00 
57581	29.8167 	113.4500 	34.90 	27.40 
57582	29.7167 	113.8833 	41.90 	46.90 
57583	29.9167 	113.9667 	52.70 	61.70 
57586	29.5333 	114.0333 	80.50 	78.50 
57589	29.2667 	113.8833 	147.20 	146.20 
57590	29.8500 	114.3667 	97.80 	98.80 
57596	29.6333 	114.2000 	752.30 	751.40 
58401	30.7500 	115.4000 	122.20 	123.10 
58402	30.7333 	115.6667 	128.60 	123.80 
58404	30.4667 	115.2167 	56.80 	61.80 
58408	30.2333 	115.4333 	36.30 	35.10 
58409	30.1000 	115.9333 	27.60 	32.00 
58500	29.8500 	115.2000 	47.00 	45.80 
58501	29.9167 	115.6333 	25.80 	23.50 
57544	29.4667 	109.4500 	487.10 	488.70 
57554	29.4000 	110.1667 	320.90 	322.20 
57558	29.1333 	110.4667 	184.50 	183.50 
57562	29.5833 	111.3667 	118.10 	116.90 
57564	29.4333 	111.1333 	104.00 	103.00 
57565	29.6667 	111.7333 	39.20 	38.10 
57566	29.4500 	111.6500 	52.50 	51.50 
57574	29.3667 	112.4000 	37.10 	36.00 
57575	29.5167 	112.5667 	32.10 	31.00 
57577	29.4000 	112.1667 	37.90 	36.90 
57584	29.3833 	113.0833 	49.70 	53.00 
57585	29.4833 	113.4500 	60.20 	60.40 
57640	28.5833 	109.4500 	344.30 	341.00 
57642	28.7000 	109.6333 	326.80 	325.30 
57643	29.0000 	109.8333 	272.60 	268.20 
57646	28.6167 	109.9500 	302.10 	302.10 
57649	28.2333 	109.6833 	255.60 	254.60 
57655	28.4667 	110.4000 	151.40 	151.60 
57657	28.2167 	110.2000 	182.90 	186.00 
57658	28.0167 	110.2000 	153.80 	152.80 
57661	28.9167 	111.4833 	49.80 	48.70 
57662	29.1167 	111.6833 	151.40 	150.60 
57663	28.9167 	111.9500 	31.50 	31.90 
57666	28.5167 	112.1333 	49.10 	52.10 
57669	28.3833 	111.2167 	129.40 	128.30 
57671	28.8500 	112.3667 	35.50 	37.00 
57673	28.6833 	112.8833 	54.60 	53.20 
57674	28.5667 	112.3833 	47.30 	46.30 
57678	28.2500 	112.5500 	71.60 	74.70 
57679	28.1167 	112.7833 	116.00 	115.00 
57680	28.8000 	113.0667 	47.90 	46.70 
57682	28.7167 	113.5667 	105.00 	106.30 
57687	28.2167 	112.9167 	69.20 	68.00 
57688	28.1500 	113.6333 	100.30 	101.10 
57740	27.9500 	109.6000 	349.70 	349.60 
57743	27.8833 	109.8000 	177.60 	176.60 
57744	27.3667 	109.1667 	356.10 	355.50 
57745	27.4500 	109.6833 	273.20 	272.20 
57752	27.9167 	110.6000 	203.90 	204.00 
57754	27.3500 	110.1500 	170.70 	170.90 
57760	27.7000 	111.4333 	250.40 	249.20 
57761	27.7500 	111.3000 	213.40 	211.90 
57762	27.6833 	111.7000 	166.20 	165.00 
57763	27.6833 	112.0000 	201.20 	205.80 
57771	27.9333 	112.5333 	90.00 	88.30 
57772	27.7500 	112.5000 	88.10 	86.90 
57773	27.8667 	112.8167 	65.00 	63.80 
57774	27.4500 	112.1667 	98.40 	100.00 
57776	27.3000 	112.7000 	1265.10 	1265.90 
57777	27.2333 	112.8667 	65.50 	63.30 
57778	27.1000 	112.9500 	71.70 	70.30 
57779	27.0000 	113.3500 	100.60 	102.50 
57780	27.8667 	113.1667 	75.80 	74.60 
57781	27.6500 	113.5000 	75.60 	74.40 
57845	26.1667 	109.7833 	397.40 	397.50 
57865	26.4667 	111.5833 	167.10 	166.10 
57866	26.2333 	111.6167 	172.10 	172.60 
57867	26.4000 	111.2833 	169.80 	169.00 
57868	26.6000 	111.8667 	114.30 	113.20 
57870	26.8000 	112.1000 	151.60 	151.60 
57871	26.9833 	112.3667 	91.00 	90.80 
57872	26.9000 	112.6000 	104.80 	104.90 
57874	26.4167 	112.4000 	117.80 	116.60 
57875	26.7500 	112.6833 	131.00 	137.00 
57876	26.4333 	112.8333 	136.20 	135.00 
57881	26.7167 	113.2500 	103.00 	101.80 
57882	26.7833 	113.5500 	137.40 	136.20 
57886	26.4833 	113.8000 	265.80 	268.80 
57887	26.1167 	113.1167 	168.80 	167.60 
57889	26.0833 	113.9500 	837.10 	835.90 
57962	25.9667 	111.6500 	169.00 	167.80 
57965	25.5333 	111.6000 	191.00 	192.20 
57966	25.6000 	111.9667 	241.50 	244.20 
57969	25.2667 	111.3333 	230.60 	227.20 
57971	25.9167 	112.2000 	225.10 	224.20 
57972	25.8000 	113.0333 	187.10 	184.90 
57973	25.7500 	112.7167 	330.30 	329.10 
57974	25.5833 	112.3667 	212.60 	214.50 
57975	25.3833 	112.2000 	277.80 	277.00 
57976	25.4167 	112.9500 	226.40 	222.80 
57978	25.2833 	112.5500 	293.20 	292.00 
57981	25.9833 	113.2167 	140.50 	139.30 
57985	25.5667 	113.6833 	611.00 	609.80 
59063	25.1833 	111.4500 	262.80 	265.70 
50936	45.6333 	122.8333 	156.20 	155.30 
50939	45.3333 	122.8167 	154.90 	150.80 
50940	45.8500 	123.1667 	142.00 	141.10 
50945	45.5000 	124.2667 	138.70 	137.60 
50946	45.1833 	124.8333 	140.70 	139.80 
50948	45.0000 	124.0167 	148.00 	146.30 
50949	45.0833 	124.8667 	137.40 	136.20 
54041	44.8000 	123.0667 	155.40 	150.00 
54049	44.2500 	123.9667 	190.40 	188.90 
54063	44.9667 	126.0000 	197.70 	196.80 
54064	44.3833 	125.1500 	175.40 	170.20 
54065	44.5333 	125.6500 	173.40 	169.10 
54069	44.1667 	125.8000 	175.60 	174.50 
54072	44.8500 	126.5167 	203.30 	196.50 
54076	44.3833 	126.9333 	269.30 	268.10 
54142	43.5000 	123.5333 	116.60 	114.90 
54154	43.3500 	124.3000 	160.60 	160.20 
54155	43.6667 	124.2333 	145.00 	144.20 
54157	43.1667 	124.3333 	167.20 	165.70 
54161	43.9000 	125.2167 	237.50 	236.80 
54164	43.3500 	125.2833 	249.60 	248.10 
54165	43.5500 	125.6333 	223.90 	219.50 
54169	43.3000 	126.0167 	270.30 	271.60 
54171	43.7000 	126.5167 	232.40 	229.50 
54172	43.8667 	126.5333 	291.70 	290.30 
54181	43.7000 	127.3333 	294.50 	295.00 
54186	43.3667 	128.2000 	526.00 	524.90 
54187	43.1167 	128.9167 	369.00 	366.60 
54192	43.7000 	130.2667 	386.00 	384.60 
54195	43.3000 	129.7833 	244.90 	244.80 
54260	42.9167 	125.0833 	254.40 	252.90 
54261	42.6667 	125.4667 	345.80 	345.30 
54263	42.9667 	126.0500 	339.50 	336.70 
54266	42.5333 	125.6333 	341.50 	340.50 
54267	42.2500 	125.7333 	363.20 	362.30 
54273	42.9833 	126.7500 	264.80 	263.30 
54274	42.6833 	125.9833 	308.30 	306.70 
54276	42.4000 	126.8000 	569.60 	570.00 
54279	42.0500 	126.5833 	545.40 	544.40 
54284	42.1500 	127.5000 	775.40 	774.20 
54285	42.4167 	128.1167 	722.40 	721.40 
54286	42.5333 	129.0000 	478.80 	475.60 
54290	42.7667 	129.4000 	248.10 	241.10 
54291	42.9000 	130.2833 	37.80 	36.50 
54292	42.8667 	129.5000 	258.50 	257.30 
54293	42.9500 	129.8333 	141.30 	142.80 
54362	41.6667 	125.7333 	388.80 	380.10 
54363	41.6833 	125.9000 	404.30 	402.90 
54371	41.9333 	126.4333 	521.60 	520.60 
54374	41.8000 	126.8833 	378.90 	379.70 
54377	41.1500 	126.2167 	225.50 	225.10 
54386	41.4167 	128.1833 	777.80 	775.00 
58012	34.6833 	116.5833 	43.60 	40.10 
58013	34.7500 	116.9000 	36.80 	36.50 
58026	34.4000 	118.0167 	26.50 	25.50 
58027	34.2833 	117.1500 	42.00 	41.20 
58035	34.3333 	118.3500 	31.30 	29.30 
58036	34.5500 	118.7167 	34.10 	32.90 
58038	34.0833 	118.7833 	7.80 	10.40 
58040	34.8500 	119.1333 	10.80 	5.30 
58041	34.7833 	119.4333 	22.00 	26.90 
58044	34.5333 	119.2333 	4.70 	4.70 
58045	34.2000 	119.6000 	8.40 	4.80 
58047	34.2500 	119.2333 	5.30 	4.80 
58048	34.1167 	119.3500 	9.10 	4.20 
58049	34.0167 	119.8000 	4.40 	4.10 
58130	33.9333 	117.9500 	24.50 	23.80 
58131	33.9667 	118.2167 	26.00 	25.00 
58132	33.7167 	118.6833 	19.10 	14.50 
58135	33.4833 	118.2167 	19.50 	16.90 
58138	32.9833 	118.5167 	42.80 	40.80 
58139	33.3000 	118.9167 	12.00 	10.60 
58140	33.7667 	119.3000 	13.40 	9.10 
58141	33.6333 	118.9333 	13.70 	12.50 
58143	33.8000 	119.8500 	6.10 	4.80 
58145	33.5000 	119.1500 	8.40 	7.40 
58146	33.4667 	119.7667 	11.80 	3.00 
58147	32.9833 	118.9667 	28.60 	24.20 
58148	33.2333 	119.3000 	11.50 	4.30 
58150	33.7500 	120.3000 	3.00 	1.80 
58154	33.4333 	120.2000 	6.80 	2.50 
58158	33.2000 	120.4833 	7.10 	3.10 
58235	32.3667 	118.8500 	12.30 	10.40 
58237	32.0667 	118.5833 	44.80 	46.60 
58238	31.9333 	118.9000 	36.40 	35.20 
58241	32.8000 	119.4500 	9.60 	5.40 
58242	32.3000 	119.1667 	23.50 	22.50 
58243	32.9500 	119.8167 	4.50 	3.00 
58244	32.4500 	119.5833 	14.40 	5.20 
58245	32.4167 	119.4167 	14.70 	9.90 
58246	32.5500 	120.0000 	3.40 	2.60 
58247	32.2667 	119.8000 	6.30 	5.40 
58249	32.1667 	120.0000 	8.50 	4.40 
58250	32.5167 	120.1500 	10.50 	6.20 
58251	32.8500 	120.2833 	4.10 	3.30 
58252	32.1833 	119.4667 	32.30 	27.30 
58254	32.5167 	120.4500 	10.20 	5.40 
58255	32.3667 	120.5667 	7.10 	6.40 
58257	31.9833 	120.2500 	12.60 	4.30 
58259	32.0833 	120.9833 	4.60 	4.80 
58264	32.3333 	121.1833 	11.10 	3.40 
58265	32.0667 	121.6000 	6.50 	3.60 
58268	32.1000 	121.0833 	9.80 	4.40 
58269	31.7833 	121.6500 	12.50 	3.30 
58339	31.3333 	118.9000 	20.90 	15.20 
58340	31.6500 	119.0333 	27.00 	25.50 
58341	31.9833 	119.6000 	10.20 	6.60 
58342	31.7167 	119.5500 	7.70 	6.90 
58344	31.9667 	119.2000 	35.00 	36.00 
58345	31.4333 	119.4833 	8.10 	5.90 
58346	31.3333 	119.8167 	15.80 	16.40 
58349	31.4167 	120.5667 	8.90 	8.00 
58351	31.9000 	120.3000 	12.20 	4.20 
58352	31.6500 	120.7667 	13.50 	4.50 
58353	31.8667 	120.5667 	10.90 	8.70 
58354	31.6167 	120.3500 	4.10 	3.20 
58356	31.4000 	121.0000 	7.50 	3.20 
58358	31.0667 	120.4333 	21.00 	16.70 
58359	31.1333 	120.6167 	8.50 	4.70 
58360	31.9167 	121.2000 	6.50 	3.30 
58377	31.5167 	121.1000 	6.70 	5.70 
57598	29.0333 	114.5833 	144.40 	146.80 
57694	28.5333 	114.3833 	261.00 	259.80 
57696	28.4000 	114.7833 	92.90 	91.70 
57698	28.1167 	114.4500 	99.70 	98.40 
57699	28.2333 	114.9167 	67.80 	66.60 
57786	27.6333 	113.8500 	118.70 	117.50 
57789	27.1333 	113.9500 	195.70 	194.50 
57792	27.8167 	114.6833 	94.90 	93.70 
57793	27.8000 	114.3833 	132.30 	131.30 
57796	27.8333 	114.8833 	190.30 	189.30 
57798	27.4000 	114.6000 	87.10 	85.90 
57799	27.0500 	114.9167 	73.70 	71.20 
57883	26.7500 	114.2833 	257.10 	253.00 
57891	26.9333 	114.2500 	154.00 	153.00 
57894	26.5833 	114.1667 	848.40 	843.00 
57895	26.4667 	114.7833 	102.80 	101.60 
57896	26.3333 	114.5000 	127.30 	126.10 
57899	26.8000 	114.9167 	72.60 	71.40 
57990	25.7000 	114.3000 	248.10 	246.90 
57991	25.8000 	114.5500 	141.90 	140.20 
57992	25.6667 	114.7500 	128.20 	127.00 
57993	25.8667 	115.0000 	138.70 	137.50 
57994	25.4000 	114.3500 	216.80 	215.60 
57995	25.4000 	114.9333 	165.40 	164.20 
58502	29.7333 	116.0000 	37.10 	36.10 
58503	29.7000 	115.6667 	42.40 	41.20 
58506	29.5833 	115.9833 	1165.40 	1164.50 
58507	29.2500 	115.1167 	117.10 	116.00 
58508	29.3333 	115.7667 	42.50 	41.30 
58509	29.0500 	115.8167 	37.80 	36.60 
58510	29.7333 	116.2333 	41.30 	40.10 
58512	29.9000 	116.5500 	72.50 	71.30 
58514	29.4500 	116.0500 	38.30 	37.10 
58517	29.2667 	116.2000 	36.70 	35.50 
58519	29.0000 	116.6833 	45.30 	40.10 
58527	29.3000 	117.2000 	62.90 	61.50 
58529	29.2667 	117.8500 	82.10 	80.90 
58600	28.8667 	115.3667 	80.10 	78.90 
58601	28.7000 	115.3833 	54.90 	53.70 
58602	28.8500 	115.5500 	39.80 	38.80 
58605	28.4167 	115.3833 	48.30 	46.80 
58606	28.6000 	115.9167 	47.90 	46.90 
58607	28.5500 	115.9500 	32.90 	31.90 
58608	28.0667 	115.5500 	35.40 	30.40 
58609	28.2167 	115.8167 	28.20 	27.00 
58612	28.7000 	116.6833 	22.30 	21.10 
58614	28.3833 	116.2667 	35.50 	34.20 
58615	28.6833 	117.0833 	57.20 	56.00 
58616	28.2000 	116.8167 	41.90 	40.90 
58618	28.2667 	116.6000 	83.60 	82.40 
58619	28.0000 	116.3667 	50.20 	49.30 
58620	29.0167 	117.1000 	52.40 	51.20 
58622	28.9500 	117.5833 	89.70 	88.50 
58623	28.4667 	117.9167 	91.60 	90.60 
58624	28.4000 	117.4333 	71.00 	70.00 
58625	28.4167 	117.6000 	80.20 	79.00 
58626	28.3167 	117.2500 	57.60 	60.80 
58627	28.2500 	117.0333 	57.00 	55.80 
58629	28.2833 	117.7000 	101.40 	100.20 
58634	28.6833 	118.2500 	117.50 	116.30 
58635	28.4333 	118.2000 	96.30 	95.30 
58637	28.4500 	117.9833 	119.20 	118.20 
58693	28.7000 	115.8333 	41.20 	40.00 
58701	27.7667 	115.4000 	47.70 	46.50 
58704	27.6167 	115.3500 	54.00 	52.80 
58705	27.3333 	115.4167 	86.90 	85.70 
58706	27.4333 	115.8333 	183.00 	181.80 
58707	27.2167 	115.1333 	67.40 	66.20 
58710	27.7667 	116.0500 	79.80 	78.60 
58712	27.9167 	116.7833 	131.00 	130.20 
58713	27.7167 	117.0667 	225.80 	225.10 
58714	27.5500 	116.2333 	121.60 	120.40 
58715	27.5833 	116.6500 	82.00 	80.80 
58718	27.2167 	116.5333 	112.50 	111.50 
58719	27.3000 	116.9333 	132.10 	131.10 
58804	26.3500 	115.3500 	152.20 	151.00 
58806	26.4833 	116.0167 	210.30 	209.10 
58813	26.8500 	116.3333 	141.50 	143.80 
58814	26.3500 	116.3500 	248.60 	247.40 
58903	25.9000 	116.0333 	209.20 	208.00 
58905	25.9667 	115.4167 	134.40 	133.20 
58906	25.6000 	115.8000 	168.40 	167.40 
58907	25.1500 	115.4000 	306.20 	305.00 
59091	24.7500 	114.5167 	278.20 	277.10 
59092	24.9167 	114.8167 	207.50 	206.30 
59093	24.7833 	115.0333 	254.20 	253.00 
59102	24.9500 	115.6500 	302.60 	303.90 
58524	29.3667 	117.2167 	87.30 	87.40 
57794	27.6333 	114.0167 	173.20 	177.20 
57783	27.8833 	113.8167 	117.00 	119.50 
58505	29.6167 	115.9000 	57.00 	63.10 
54236	42.3833 	122.5500 	85.00 	79.40 
54243	42.7833 	124.1167 	165.80 	165.10 
54244	42.7500 	123.3333 	120.10 	118.60 
54245	42.5000 	123.4000 	99.30 	97.80 
54248	42.0333 	123.5333 	67.80 	61.60 
54249	42.3000 	123.8667 	79.40 	85.40 
54252	42.7333 	124.7500 	198.70 	196.10 
54254	42.5333 	124.0500 	102.90 	98.20 
54259	42.0667 	124.8667 	230.00 	224.00 
54321	41.8667 	119.6333 	661.60 	661.80 
54323	41.8167 	120.7833 	253.50 	253.80 
54324	41.5500 	120.4333 	175.30 	174.30 
54325	41.1833 	120.3500 	183.10 	183.80 
54326	41.4167 	119.6167 	470.10 	462.20 
54327	41.2333 	119.3500 	421.50 	417.10 
54328	41.0833 	119.7167 	300.60 	296.80 
54332	41.5167 	122.7167 	13.90 	12.20 
54333	41.9667 	122.8500 	32.10 	30.90 
54336	41.4167 	122.4167 	13.10 	8.30 
54338	41.2833 	121.9500 	4.10 	3.20 
54339	41.0833 	123.0000 	78.50 	77.30 
54340	41.6667 	123.3167 	47.60 	35.80 
54342	41.7333 	123.5167 	49.50 	49.00 
54345	41.2000 	123.0667 	29.60 	30.70 
54346	41.3167 	123.7833 	186.10 	185.40 
54347	41.2333 	123.1667 	25.70 	24.80 
54348	41.4167 	123.3333 	36.50 	36.80 
54351	41.9167 	124.0833 	116.50 	118.50 
54353	41.7333 	125.0500 	331.70 	328.40 
54452	40.8000 	119.8167 	367.80 	365.50 
54453	40.7833 	120.8833 	43.00 	38.50 
54454	40.3333 	120.3000 	29.00 	29.00 
54455	40.6167 	120.6500 	21.50 	20.50 
54470	41.0167 	122.0667 	6.10 	5.50 
54471	40.6500 	122.1667 	4.60 	3.80 
54474	40.4167 	122.3500 	27.60 	24.80 
54475	40.6167 	122.4833 	15.30 	11.50 
54476	40.1667 	122.1500 	37.90 	20.40 
54483	40.8833 	123.9000 	239.80 	233.60 
54486	40.2833 	123.2833 	81.30 	79.80 
54493	40.7167 	124.7833 	261.10 	260.10 
54494	40.4667 	124.0667 	74.40 	72.60 
54497	40.0500 	124.3333 	13.10 	13.80 
54563	39.6333 	122.0167 	119.00 	118.70 
54568	39.0667 	121.7500 	94.20 	90.80 
54569	39.4167 	121.9500 	12.70 	11.70 
54575	39.4167 	122.3667 	43.10 	43.20 
54579	39.2667 	122.5833 	33.60 	35.50 
54584	39.7167 	122.9500 	35.90 	34.80 
54590	39.8833 	124.1667 	5.30 	4.20 
54662	38.9000 	121.6333 	92.50 	91.50 
54565	39.6000 	121.4667 	72.00 	70.60 
50425	50.2500 	120.1833 	582.30 	581.40 
50431	50.7833 	121.5167 	718.20 	717.00 
50434	50.4833 	121.6833 	733.70 	732.60 
50445	50.5833 	123.7333 	424.70 	423.70 
50514	49.5833 	117.3167 	662.70 	661.80 
50524	49.3167 	119.4333 	578.50 	576.60 
50525	49.1500 	119.7500 	621.60 	620.80 
50526	49.2833 	120.7000 	670.00 	668.80 
50527	49.2500 	119.7000 	650.40 	649.60 
50548	49.2000 	123.7167 	287.20 	286.10 
50603	48.6667 	116.8167 	556.00 	554.20 
50618	48.2167 	118.2667 	644.60 	642.00 
50639	48.0000 	122.7333 	308.50 	306.50 
50645	48.4833 	124.4833 	196.50 	195.00 
50647	48.1333 	123.4833 	237.20 	236.20 
50727	47.1667 	119.9333 	997.70 	997.20 
50834	46.6000 	121.2167 	501.00 	499.70 
50913	45.7167 	118.8333 	866.10 	865.00 
50915	45.5167 	116.9667 	838.90 	838.70 
50924	45.5333 	119.6667 	824.70 	823.70 
50928	45.0667 	120.3333 	629.10 	628.30 
50934	45.3833 	121.5833 	312.70 	311.70 
50937	45.0667 	121.4833 	283.10 	282.10 
53068	43.6333 	111.9333 	964.10 	963.10 
53083	44.6167 	114.1500 	1182.90 	1181.60 
53149	42.5333 	110.1333 	1226.70 	1225.20 
53192	44.0167 	114.9500 	1127.30 	1126.10 
53231	41.4000 	106.4000 	1510.60 	1509.60 
53289	42.2333 	113.8333 	1322.80 	1322.10 
53336	41.5667 	108.5167 	1289.20 	1288.00 
53337	41.1000 	108.2667 	1025.40 	1023.70 
53348	41.0167 	109.1333 	1080.50 	1078.70 
53352	41.7000 	110.4333 	1376.20 	1376.60 
53357	41.0333 	110.0500 	1362.10 	1360.40 
53362	41.5333 	111.6833 	1491.40 	1490.10 
53367	41.3167 	111.2333 	1603.70 	1602.30 
53368	41.0833 	111.4667 	1640.20 	1637.30 
53378	41.2833 	112.6167 	1737.90 	1737.30 
53384	41.4500 	113.1833 	1424.90 	1423.50 
53385	41.6000 	113.5333 	1420.90 	1420.00 
53391	41.9000 	114.0000 	1484.60 	1482.70 
53419	40.3333 	107.0000 	1060.40 	1055.30 
53420	40.8500 	107.1167 	1024.90 	1024.00 
53433	40.7333 	108.6500 	1022.00 	1020.40 
53446	40.5333 	109.8833 	1005.90 	1004.70 
53455	40.5500 	110.5333 	1000.90 	998.60 
53457	40.4000 	110.0333 	1012.20 	1011.00 
53463	40.8500 	111.5667 	1154.40 	1153.50 
53464	40.7167 	111.1667 	1047.50 	1042.70 
53466	40.7500 	111.7000 	1046.60 	1045.40 
53467	40.2667 	111.1833 	1017.50 	1016.00 
53469	40.4000 	111.8167 	1164.00 	1166.70 
53472	40.8667 	112.5667 	1453.20 	1451.70 
53475	40.5167 	112.4667 	1272.20 	1268.90 
53480	41.0333 	113.0667 	1421.50 	1419.30 
53481	40.8000 	113.2167 	1317.10 	1316.80 
53483	40.8667 	113.8333 	1269.90 	1268.70 
53484	40.4500 	113.1500 	1192.90 	1191.50 
53512	39.8000 	106.8000 	1105.80 	1105.60 
53513	40.7333 	107.3667 	1042.30 	1041.10 
53522	40.0500 	107.8333 	1181.40 	1180.30 
53529	39.0833 	107.9667 	1381.70 	1381.40 
53533	39.8167 	108.7167 	1414.40 	1414.00 
53543	39.8333 	109.9833 	1462.80 	1461.90 
53545	39.5667 	109.7167 	1367.30 	1367.00 
53553	39.8667 	111.2167 	1222.90 	1221.40 
53562	39.9167 	111.6667 	1192.20 	1187.40 
53644	38.6000 	108.8333 	1309.30 	1307.20 
53730	38.1833 	107.4833 	1335.00 	1333.30 
53732	37.8500 	108.7167 	1211.50 	1209.90 
54012	44.5833 	117.6000 	1002.60 	1001.70 
54024	44.4500 	119.3000 	710.00 	710.00 
54026	44.5667 	120.9000 	265.80 	265.00 
54027	43.9833 	119.4000 	487.20 	486.20 
54031	44.9000 	121.8167 	201.10 	198.30 
54039	44.0333 	122.0167 	182.70 	181.60 
54047	44.1333 	123.2833 	146.90 	145.80 
54102	43.9500 	116.1167 	1003.80 	1003.00 
54113	43.5333 	118.6500 	622.50 	621.40 
54115	43.6333 	118.0333 	825.40 	825.00 
54117	43.2500 	117.5333 	1004.40 	1003.30 
54122	43.8833 	120.0500 	376.00 	374.90 
54132	42.4000 	121.0667 	400.60 	400.00 
54134	43.6000 	121.2833 	242.30 	241.00 
54135	43.6000 	122.2667 	180.10 	178.70 
54204	42.3000 	115.0000 	1347.80 	1346.30 
54205	42.2333 	116.0000 	1316.60 	1315.50 
54208	42.1833 	116.4667 	1247.00 	1245.40 
54213	42.9333 	119.0167 	635.70 	634.30 
54214	42.5833 	118.4167 	961.30 	960.00 
54218	42.3000 	118.8333 	669.00 	668.60 
54223	42.8500 	120.6500 	364.00 	362.90 
54225	42.3000 	119.9500 	580.30 	579.40 
54226	42.3333 	120.7000 	402.00 	400.50 
54231	42.9667 	122.3500 	249.30 	248.10 
54234	42.7333 	121.7500 	298.90 	297.80 
54305	41.8833 	115.2667 	1470.00 	1468.90 
54313	41.9333 	118.7000 	734.80 	733.70 
54316	41.5167 	118.7500 	680.70 	679.30 
54320	41.6000 	119.3000 	545.30 	544.20 
53517	39.2667 	106.3333 	1466.40 	1464.50 
53518	39.0333 	106.3500 	1118.70 	1117.70 
53519	39.2167 	106.7667 	1093.10 	1092.50 
53603	38.8333 	106.3667 	1096.00 	1095.00 
53610	38.5667 	106.3500 	1107.00 	1106.20 
53611	38.8833 	106.5500 	1099.40 	1098.70 
53612	37.9833 	106.1833 	1132.20 	1128.80 
53614	38.4667 	106.2000 	1111.60 	1110.90 
53615	38.8000 	106.7000 	1102.90 	1101.60 
53617	38.0333 	106.0833 	1119.20 	1118.00 
53618	38.2833 	106.2500 	1115.50 	1113.70 
53619	38.1167 	106.3000 	1117.30 	1115.90 
53704	37.5333 	105.1833 	1226.60 	1225.70 
53705	37.4833 	105.6833 	1184.40 	1183.40 
53707	36.9333 	105.2500 	1699.00 	1697.90 
53723	37.8000 	107.3833 	1350.40 	1349.30 
53727	37.1667 	107.1167 	1713.50 	1712.50 
53806	36.5667 	105.6500 	1854.80 	1854.20 
53810	36.9667 	105.9000 	1340.70 	1339.30 
53817	36.0000 	106.2667 	1754.20 	1753.00 
53881	37.2833 	106.4833 	1382.90 	1382.20 
53903	35.9667 	105.7167 	1917.90 	1916.50 
53910	35.6667 	106.2000 	2839.10 	2841.20 
53914	35.6167 	106.1167 	2079.50 	2078.60 
53916	35.5000 	106.3167 	1949.10 	1948.60 
52602	38.7500 	93.3333 	2770.80 	2770.00 
52707	36.8000 	93.6833 	2767.80 	2767.00 
52818	36.4167 	94.9167 	2808.40 	2807.60 
52825	36.4333 	96.4333 	2791.20 	2790.40 
52836	36.3000 	98.1000 	3189.80 	3189.00 
52854	36.5833 	100.4833 	3201.60 	3200.8
52856	36.2667 	100.6167 	2835.80 	2835.00 
52863	36.8167 	101.9500 	2480.80 	2480.00 
52866	36.7333 	101.7500 	2296.00 	2295.20 
52868	36.0167 	101.3667 	2273.80 	2273.00 
52869	36.5000 	101.5833 	2668.30 	2667.50 
52875	36.5000 	102.1000 	2125.80 	2125.00 
52876	36.3333 	102.8333 	1814.70 	1813.90 
52877	36.1000 	102.2500 	2835.50 	2834.70 
52908	35.2167 	93.0833 	4613.00 	4612.20 
52941	36.2667 	100.2667 	2872.80 	2872.0
52943	35.5833 	99.9833 	3324.00 	3323.20 
52955	35.5833 	100.7333 	3120.80 	3120.00 
52957	35.2500 	100.6000 	3149.00 	3148.20 
52963	35.9333 	102.0167 	2086.50 	2085.70 
52968	35.0333 	101.4667 	3663.60 	3662.80 
52972	35.8500 	102.4500 	1921.80 	1921.00 
52974	35.5167 	102.0167 	2492.20 	2491.40 
56004	34.2167 	92.4333 	4533.90 	4533.10 
56016	33.8500 	95.6167 	4179.90 	4179.10 
56018	32.8833 	95.2833 	4067.20 	4066.40 
56021	34.1167 	95.8000 	4175.80 	4175.00 
56029	33.0000 	96.9667 	3717.70 	3716.90 
56033	34.9167 	98.2167 	4273.10 	4272.30 
56034	33.8000 	97.1333 	4416.20 	4415.40 
56043	34.4833 	100.2333 	3719.80 	3719.00 
56045	33.9667 	99.9000 	4050.80 	4050.00 
56046	33.7500 	99.6500 	3968.30 	3967.50 
56065	34.7333 	101.6000 	3500.80 	3500.00 
56067	33.4333 	101.4833 	3629.30 	3628.50 
56125	32.2000 	96.4667 	3644.50 	3643.70 
56151	32.9333 	100.7500 	3530.80 	3530.00 
54709	37.2167 	116.0667 	26.90 	25.70 
54712	37.2000 	116.8167 	19.70 	18.50 
54714	37.4500 	116.3333 	24.80 	23.60 
54715	37.3167 	116.5667 	22.80 	18.60 
54716	37.6667 	116.8000 	17.50 	16.30 
54722	37.7500 	117.6333 	8.00 	6.80 
54723	37.6500 	117.5667 	11.20 	10.10 
54724	37.3167 	117.1333 	15.90 	14.80 
54725	37.5000 	117.5333 	12.90 	11.70 
54726	37.7000 	117.1833 	12.70 	11.50 
54727	36.6833 	117.5500 	123.00 	121.80 
54728	37.7667 	117.3833 	9.60 	8.40 
54729	37.1667 	117.8667 	12.50 	11.50 
54734	37.3500 	118.0000 	13.40 	12.20 
54736	37.4333 	118.6667 	9.20 	6.00 
54744	37.5833 	118.5500 	9.80 	8.50 
54749	37.1833 	119.9500 	48.90 	48.40 
54751	37.9333 	120.7333 	43.00 	39.70 
54752	37.8000 	120.7667 	61.80 	60.70 
54753	37.6333 	120.3333 	5.70 	4.80 
54755	37.3333 	120.3833 	118.70 	117.80 
54759	37.3167 	120.8500 	190.10 	205.50 
54764	37.4833 	121.2333 	55.20 	53.90 
54765	37.4833 	121.4333 	83.00 	82.00 
54776	37.4000 	122.7000 	46.40 	47.70 
54777	37.2000 	122.0667 	119.20 	118.00 
54802	36.8167 	115.7333 	34.90 	34.00 
54806	36.4167 	115.9667 	34.30 	33.00 
54807	36.1500 	115.7667 	42.50 	41.20 
54808	36.2333 	115.6333 	39.10 	37.80 
54812	36.7833 	116.7500 	23.90 	22.70 
54814	36.5333 	116.2500 	30.90 	29.70 
54815	36.3833 	116.2667 	32.60 	31.40 
54816	36.5167 	116.8000 	100.10 	98.90 
54818	36.2500 	116.4167 	81.00 	79.90 
54819	36.1833 	116.8000 	114.90 	113.60 
54821	37.0000 	117.2000 	21.60 	20.40 
54822	36.8667 	117.7333 	48.60 	47.40 
54823	36.6000 	117.0000 	171.20 	170.30 
54824	36.6333 	117.9500 	95.30 	95.00 
54825	36.5167 	117.8500 	190.90 	189.70 
54826	36.2500 	117.1000 	1536.50 	1533.70 
54827	36.1667 	117.1500 	129.80 	128.60 
54828	36.2333 	117.6833 	228.60 	229.30 
54829	36.7667 	117.8667 	86.70 	85.70 
54830	36.8167 	117.9333 	35.30 	34.40 
54831	36.6500 	118.5000 	103.70 	102.50 
54832	36.8833 	118.7333 	27.00 	25.80 
54833	36.9667 	118.0833 	16.30 	15.10 
54834	36.8667 	118.2833 	47.30 	46.30 
54835	36.5000 	118.5500 	110.60 	106.50 
54836	36.1833 	118.1667 	303.70 	305.10 
54837	36.6833 	118.8333 	80.00 	78.80 
54841	36.8667 	119.4167 	24.70 	23.50 
54842	36.7833 	120.0000 	63.30 	62.20 
54843	36.7500 	119.2000 	22.50 	22.20 
54844	36.4167 	119.1833 	67.50 	62.70 
54846	36.3833 	119.7333 	52.70 	51.50 
54848	35.9833 	119.4167 	81.80 	82.60 
54849	36.2167 	120.0333 	83.90 	84.40 
54851	36.9000 	120.5667 	77.80 	76.90 
54852	36.9667 	120.7333 	53.60 	54.40 
54853	36.1667 	120.4167 	43.70 	42.60 
54855	36.3833 	120.4667 	30.20 	26.20 
54857	36.0667 	120.3333 	75.30 	76.00 
54861	36.9333 	121.5333 	47.80 	45.40 
54863	36.7833 	121.1833 	42.00 	40.90 
54871	36.9333 	122.4833 	9.10 	9.80 
54904	35.5833 	115.5167 	51.50 	50.10 
54905	35.5833 	115.9333 	47.40 	46.20 
54906	35.2500 	115.4167 	51.10 	49.90 
54907	34.9833 	116.6500 	35.40 	34.30 
54908	35.2667 	115.1000 	58.20 	57.30 
54909	35.0833 	115.5167 	51.70 	51.50 
54910	35.8167 	116.0500 	42.00 	40.90 
54911	35.9333 	116.4000 	44.20 	44.00 
54912	35.7667 	116.5000 	42.90 	41.80 
54913	35.7500 	116.8167 	63.40 	62.20 
54914	35.4167 	116.0833 	41.80 	40.60 
54915	35.4333 	116.6000 	34.30 	33.30 
54916	35.5667 	116.8500 	60.10 	51.70 
54917	35.1000 	116.3167 	37.80 	36.70 
54918	35.6000 	116.9667 	63.40 	62.30 
54919	35.3833 	116.9833 	89.70 	88.70 
54920	35.6500 	117.2833 	111.50 	110.40 
54921	35.4167 	116.3333 	39.60 	38.10 
54922	35.8833 	117.7833 	225.20 	224.00 
54923	35.7167 	117.9333 	203.40 	202.20 
54925	35.5167 	117.6333 	168.40 	167.20 
54927	35.1000 	117.2000 	76.10 	74.90 
54929	35.2667 	117.9667 	120.60 	121.20 
54932	35.7667 	118.6500 	187.80 	186.70 
54935	35.5333 	118.4333 	120.60 	119.40 
54936	35.5667 	118.8333 	108.40 	107.40 
54938	35.0500 	118.4000 	66.40 	65.20 
54939	35.1667 	118.8167 	115.00 	113.80 
54940	35.7500 	119.2000 	146.40 	148.20 
54943	35.8833 	120.0000 	11.90 	10.40 
54945	35.4333 	119.5333 	37.10 	36.90 
58002	34.8500 	115.5833 	50.20 	49.00 
58003	34.9500 	115.8833 	46.60 	45.40 
58011	34.8000 	116.0667 	47.40 	46.20 
58020	34.8000 	117.1333 	36.20 	35.10 
58021	34.7833 	117.2833 	81.70 	80.50 
58022	34.7500 	117.5667 	49.50 	48.30 
58024	34.8667 	117.5833 	78.50 	77.70 
58025	34.5667 	117.7333 	28.80 	27.60 
58030	34.8833 	118.0167 	45.70 	44.50 
58032	34.9333 	118.6500 	71.30 	70.10 
53478	40.0000 	112.4500 	1346.70 	1345.80 
53486	40.3667 	113.7667 	1051.20 	1050.30 
53487	40.0833 	113.4167 	1053.60 	1052.60 
53488	40.0333 	113.5833 	1035.40 	1034.30 
53490	40.4333 	114.0500 	1015.70 	1014.70 
53564	39.3833 	111.1500 	862.50 	861.50 
53565	39.4333 	111.5000 	1050.80 	1051.70 
53573	40.0000 	112.7000 	1337.70 	1336.30 
53574	39.5167 	112.2667 	1408.60 	1409.40 
53575	39.1000 	112.2000 	1526.20 	1525.40 
53576	39.5000 	112.8167 	1045.90 	1045.00 
53577	39.0000 	112.3000 	1438.70 	1437.40 
53578	39.3667 	112.4333 	1115.70 	1114.80 
53579	39.0167 	112.9000 	860.60 	859.70 
53582	39.7167 	113.6667 	1080.70 	1079.20 
53584	39.5667 	113.1667 	1001.90 	1000.70 
53585	39.1667 	113.2667 	935.20 	933.90 
53588	38.9500 	113.5167 	2209.30 	2208.30 
53590	39.7500 	114.2667 	979.40 	977.80 
53594	39.4500 	114.1833 	939.70 	938.70 
53659	37.9667 	111.0000 	1164.10 	1163.30 
53660	39.0167 	111.0833 	893.50 	894.40 
53662	38.7167 	111.5833 	1397.70 	1396.70 
53663	38.9167 	111.8167 	1402.00 	1401.00 
53664	38.4667 	111.1333 	1013.60 	1012.60 
53665	38.2833 	111.6500 	1186.00 	1185.10 
53666	38.3500 	111.9333 	1214.10 	1212.20 
53669	38.0833 	111.8000 	1151.50 	1150.30 
53673	38.7333 	112.7167 	829.60 	828.20 
53674	38.4000 	112.7000 	870.70 	869.90 
53676	38.5000 	112.9833 	760.90 	759.40 
53677	37.9333 	112.4833 	807.40 	806.50 
53678	38.0667 	112.6500 	902.10 	897.10 
53679	37.7500 	112.5500 	777.20 	776.20 
53681	38.8333 	113.3667 	1097.70 	1096.20 
53685	38.0667 	113.4167 	953.80 	953.20 
53687	37.7833 	113.6333 	753.81 	753.00 
53753	37.4333 	110.8833 	861.00 	860.10 
53759	36.9833 	110.8333 	1110.70 	1109.10 
53760	37.8833 	111.2333 	1213.30 	1212.40 
53763	37.9167 	112.1667 	1008.00 	1006.80 
53764	37.5000 	111.1000 	951.70 	950.80 
53767	37.3333 	111.1667 	1212.20 	1213.10 
53768	37.1500 	111.7500 	774.30 	773.40 
53769	37.2500 	111.7833 	749.10 	747.70 
53770	37.3500 	112.3500 	769.90 	768.80 
53771	37.4167 	112.0500 	751.30 	750.00 
53772	37.6167 	112.5833 	777.30 	776.30 
53774	37.5833 	112.3667 	760.90 	759.90 
53775	37.4167 	112.6000 	786.70 	785.80 
53776	37.6833 	112.7667 	831.50 	831.20 
53777	37.5333 	112.1500 	760.20 	759.30 
53778	37.1667 	112.2167 	780.90 	780.30 
53780	37.9000 	113.1500 	1067.60 	1066.10 
53782	37.9333 	113.6167 	768.90 	767.20 
53783	37.6000 	113.7000 	880.30 	876.20 
53786	37.0833 	113.3333 	1154.00 	1152.50 
53787	37.0667 	112.9833 	1042.30 	1041.40 
53788	37.3333 	113.5667 	1267.00 	1265.70 
53852	36.7667 	110.6333 	917.50 	916.60 
53853	36.7000 	110.9500 	1053.60 	1052.70 
53856	36.4667 	110.7500 	766.80 	765.90 
53859	36.1000 	110.6667 	852.28 	851.30 
53860	36.9833 	111.1667 	1407.20 	1406.70 
53861	35.8833 	111.3833 	460.50 	463.50 
53862	36.8500 	111.8000 	812.50 	811.70 
53863	37.0333 	111.9167 	745.40 	743.90 
53864	36.4000 	111.1000 	1031.10 	1030.60 
53865	36.6500 	111.5500 	1013.10 	1011.90 
53866	36.2333 	111.6667 	464.10 	462.80 
53868	36.0667 	111.5000 	450.40 	449.50 
53869	36.5833 	111.7000 	551.20 	550.00 
53871	36.8333 	112.8500 	965.80 	964.10 
53872	36.7667 	112.6833 	961.60 	960.70 
53873	36.1000 	112.8667 	952.50 	951.10 
53874	36.2500 	111.9000 	650.00 	648.70 
53875	36.5167 	112.3500 	1001.00 	1000.00 
53877	36.1667 	112.2500 	861.00 	860.10 
53878	36.5167 	113.3833 	769.10 	767.90 
53879	36.3167 	112.8833 	953.20 	952.30 
53880	36.3333 	113.2333 	948.90 	947.60 
53882	36.0667 	113.0333 	1047.90 	1046.90 
53884	36.5167 	113.0333 	878.80 	877.90 
53885	36.1167 	113.2000 	1123.20 	1122.00 
53888	36.2000 	113.4333 	1088.60 	1089.20 
53953	35.9667 	110.8500 	966.20 	965.30 
53954	35.6167 	110.9667 	433.50 	433.50 
53956	35.4000 	110.8333 	589.60 	588.40 
53957	35.6167 	110.7167 	460.00 	459.20 
53958	35.1667 	110.7833 	436.70 	435.60 
53959	35.0500 	111.0500 	366.70 	365.00 
53961	35.6500 	111.4833 	473.40 	472.60 
53962	35.7333 	111.7000 	585.30 	584.50 
53963	35.6500 	111.3667 	435.10 	433.80 
53964	35.6167 	111.2167 	431.80 	430.80 
53965	35.5167 	111.5667 	761.90 	761.00 
53966	35.9833 	111.8333 	818.10 	817.20 
53967	35.3333 	111.2000 	469.80 	468.30 
53968	35.2833 	111.6667 	505.90 	505.00 
53970	35.7000 	112.2000 	887.10 	887.30 
53973	35.7667 	112.9500 	836.60 	837.30 
53975	35.4833 	112.4000 	661.10 	659.50 
53976	35.5000 	112.8667 	753.60 	752.60 
53981	35.7833 	113.2667 	1313.20 	1311.60 
57052	34.8833 	110.4500 	355.10 	354.10 
57053	34.7000 	110.7167 	507.10 	505.70 
57060	35.1667 	111.2333 	404.20 	402.90 
57061	34.8333 	111.2000 	412.60 	410.70 
53567	39.0167 	111.0000 	1025.10 	1024.30 
53646	38.2667 	109.7833 	1157.80 	1157.00 
53651	38.8167 	110.4667 	1099.10 	1098.00 
53658	38.0333 	110.4833 	895.40 	894.40 
53725	37.5833 	107.5833 	1361.20 	1360.30 
53735	37.6167 	108.8000 	1337.80 	1336.70 
53738	36.9167 	108.1667 	1331.10 	1331.40 
53740	37.9333 	109.2333 	1107.50 	1111.00 
53748	37.1833 	109.7000 	1064.40 	1063.30 
53750	37.7667 	110.1833 	931.60 	931.00 
53751	37.6000 	110.0500 	895.80 	894.60 
53754	37.5000 	110.2167 	930.70 	929.70 
53756	37.5167 	110.7167 	745.00 	744.00 
53757	37.1167 	110.1167 	938.80 	938.00 
53832	36.7667 	108.7667 	1220.00 	1218.80 
53841	36.8833 	109.3167 	1069.10 	1068.30 
53848	36.2667 	109.3500 	1005.40 	1005.50 
53850	36.8833 	110.1833 	805.70 	804.90 
53854	36.5833 	110.0667 	805.50 	804.80 
53857	36.0667 	110.1833 	841.10 	840.30 
53929	35.2000 	107.8000 	1206.80 	1206.50 
53931	36.0000 	109.3667 	984.80 	984.00 
53938	35.1667 	108.3000 	1277.90 	1277.00 
53941	35.1833 	109.5833 	807.10 	804.40 
53942	35.7667 	109.4167 	1156.90 	1155.90 
53944	35.5667 	109.2500 	857.30 	863.00 
53945	35.4333 	109.0667 	1394.40 	1395.20 
53946	35.6000 	109.8167 	1091.00 	1091.00 
53947	35.0833 	109.0667 	979.70 	978.90 
53948	34.9500 	109.5833 	499.90 	499.20 
53949	35.1833 	109.9167 	680.40 	679.10 
53950	35.2333 	110.1500 	709.90 	708.80 
57003	34.9000 	106.8333 	925.10 	924.20 
57016	34.3500 	107.1333 	613.70 	612.40 
57020	34.3667 	107.4000 	564.30 	563.00 
57021	34.6500 	107.1333 	751.50 	751.60 
57022	34.6833 	107.7833 	1026.40 	1026.30 
57023	35.0167 	108.1167 	920.60 	919.90 
57024	34.4500 	107.6500 	671.10 	669.60 
57025	34.5167 	107.3833 	782.00 	781.10 
57026	34.3667 	107.8833 	586.90 	585.90 
57027	34.2667 	107.7333 	518.40 	517.60 
57028	34.0333 	107.3167 	1544.40 	1543.60 
57029	34.5000 	108.4833 	544.40 	543.20 
57030	34.7000 	108.1500 	995.40 	994.60 
57031	34.8167 	108.5500 	1013.50 	1012.70 
57033	34.5500 	108.8167 	429.00 	428.10 
57034	34.2500 	108.2167 	449.20 	447.80 
57035	34.5500 	108.2333 	636.70 	636.80 
57037	34.9333 	108.9833 	711.80 	710.00 
57038	34.2833 	108.4500 	411.50 	410.90 
57041	34.6333 	108.9167 	425.50 	424.00 
57042	34.7833 	109.1833 	472.30 	470.90 
57043	34.8000 	109.9667 	352.30 	351.40 
57045	34.5167 	109.4833 	354.30 	349.80 
57046	34.4833 	110.0833 	2057.90 	2064.90 
57048	34.4000 	108.7167 	473.40 	472.80 
57054	34.5500 	110.2333 	557.10 	556.30 
57055	34.5500 	110.0833 	352.50 	351.30 
57057	34.1000 	110.1500 	964.20 	963.40 
57106	33.3167 	106.1500 	797.30 	794.20 
57113	33.9000 	106.5333 	986.70 	985.90 
57119	33.1667 	106.7000 	552.20 	548.10 
57123	34.2833 	108.0667 	506.80 	506.00 
57124	33.6333 	106.9333 	1033.30 	1032.10 
57127	33.0667 	107.0333 	510.70 	509.50 
57128	33.1667 	107.3333 	487.00 	486.40 
57131	34.4333 	108.9667 	411.00 	410.00 
57134	33.5167 	107.9833 	827.90 	827.20 
57137	33.3167 	108.3167 	802.00 	802.40 
57140	33.6667 	109.1167 	819.40 	818.20 
57143	33.8667 	109.9667 	743.80 	742.20 
57144	33.4333 	109.1500 	696.20 	693.70 
57153	33.6833 	110.3333 	582.50 	581.70 
57154	33.5333 	110.9000 	523.80 	523.00 
57155	33.5500 	109.8667 	661.00 	660.20 
57211	32.8333 	106.2500 	837.10 	836.10 
57213	33.0000 	106.9333 	537.50 	536.50 
57231	32.5333 	108.5333 	505.00 	503.80 
57232	33.0500 	108.2667 	485.00 	484.90 
57233	32.9000 	108.5000 	414.30 	413.10 
57238	32.5333 	107.9000 	695.10 	693.90 
57242	32.8500 	109.3667 	286.50 	285.50 
57245	32.7167 	109.0333 	291.70 	290.80 
57247	32.3167 	108.9000 	439.50 	438.50 
57248	32.4000 	109.3333 	430.00 	431.00 
57254	32.8167 	110.1167 	323.70 	322.50 
57343	31.9000 	109.5333 	994.60 	995.80 
58361	31.1000 	121.3667 	10.20 	5.50 
58362	31.4000 	121.4500 	6.70 	5.50 
58365	31.3667 	121.2500 	9.20 	4.40 
58366	31.6667 	121.5000 	5.80 	4.30 
58367	31.2000 	121.4333 	8.60 	4.60 
58369	31.0500 	121.7833 	6.20 	5.00 
58370	31.2333 	121.5333 	8.10 	4.40 
58460	30.7333 	121.3500 	6.20 	5.20 
58461	31.1333 	121.1167 	8.50 	4.00 
58462	31.0333 	121.2333 	9.10 	4.20 
58463	30.8833 	121.5000 	9.50 	4.60 
56038	32.9833 	98.1000 	4201.00 	4200.00 
56079	33.5833 	102.9667 	3442.60 	3441.40 
56097	33.2667 	104.2500 	1441.70 	1440.50 
56144	31.8000 	98.5833 	3185.00 	3184.00 
56146	31.6167 	100.0000 	3394.60 	3393.50 
56147	31.2167 	98.8333 	3261.30 	3260.00 
56152	32.2833 	100.3333 	3895.80 	3893.90 
56158	31.4000 	100.6667 	3251.40 	3250.00 
56164	32.2667 	100.9833 	3286.00 	3284.80 
56167	30.9833 	101.1167 	2959.20 	2957.20 
56168	31.4833 	102.0667 	2170.10 	2168.90 
56171	32.9000 	101.7000 	3276.30 	3275.10 
56172	31.9000 	102.2333 	2666.30 	2664.40 
56173	32.8000 	102.5500 	3492.80 	3491.60 
56178	31.0000 	102.3500 	2439.20 	2438.00 
56180	31.6833 	103.8500 	1591.30 	1590.10 
56181	30.6833 	103.7000 	543.30 	541.70 
56182	32.6667 	103.6000 	2882.50 	2881.30 
56183	31.5000 	103.6167 	1371.30 	1370.10 
56184	31.4333 	103.1667 	1897.90 	1896.70 
56185	32.0833 	102.9833 	2401.30 	2400.10 
56186	31.3333 	104.2000 	590.20 	589.00 
56187	30.7500 	103.8667 	548.90 	547.70 
56188	31.0000 	103.6667 	699.70 	698.50 
56189	30.9833 	103.9333 	582.90 	581.70 
56197	31.1500 	104.1667 	536.80 	535.70 
56198	31.3167 	104.5000 	526.70 	525.70 
56199	31.0333 	104.6833 	424.70 	423.50 
56247	30.0000 	99.1000 	2590.20 	2589.20 
56251	30.9333 	100.3167 	2999.20 	3000.00 
56257	30.0000 	100.2667 	3950.50 	3948.90 
56263	30.8833 	101.8833 	1951.00 	1949.70 
56267	30.0333 	101.0167 	2602.20 	2600.90 
56272	30.8167 	103.8833 	559.70 	558.50 
56273	30.3833 	102.8167 	1023.20 	1022.00 
56276	30.4500 	103.8167 	468.20 	467.00 
56278	30.0667 	102.7667 	758.00 	755.80 
56279	30.1500 	102.9333 	683.90 	682.70 
56280	30.0833 	103.1167 	692.40 	691.30 
56281	30.1833 	103.5000 	512.00 	510.80 
56284	30.4500 	103.4333 	519.50 	518.50 
56285	30.6000 	103.5167 	525.30 	523.90 
56286	30.5500 	104.2500 	516.30 	515.10 
56288	30.5833 	103.9167 	495.80 	494.60 
56289	30.2000 	103.8667 	438.20 	437.00 
56290	30.7833 	104.1833 	515.70 	514.50 
56296	30.8500 	104.4333 	449.50 	448.40 
56297	30.0167 	104.1500 	437.70 	436.50 
56298	30.1333 	104.6000 	417.90 	417.00 
56357	29.0500 	100.3000 	3728.60 	3727.70 
56371	29.9167 	102.2333 	1322.40 	1321.20 
56373	29.7833 	102.8500 	763.70 	763.20 
56374	30.0500 	101.9667 	2615.50 	2615.70 
56376	29.3500 	102.6333 	1098.70 	1098.00 
56378	29.2333 	102.3500 	891.90 	890.70 
56380	29.8833 	103.3500 	572.40 	571.20 
56381	30.0667 	103.5000 	631.40 	630.20 
56382	29.7333 	103.6000 	408.30 	407.10 
56383	29.8333 	103.8667 	456.40 	455.20 
56384	29.6000 	103.4833 	447.90 	446.70 
56385	29.5167 	103.3333 	3048.30 	3047.40 
56386	29.5667 	103.7500 	425.20 	424.20 
56387	29.2333 	103.2667 	643.40 	642.20 
56389	29.2000 	103.9500 	388.80 	387.60 
56390	29.6667 	104.0667 	405.60 	404.40 
56391	30.0833 	103.8167 	416.60 	415.40 
56393	29.7667 	104.8500 	370.90 	369.40 
56394	29.4500 	104.4333 	385.30 	384.10 
56395	29.5167 	104.6667 	349.50 	351.10 
56396	29.3500 	104.7667 	353.80 	352.60 
56399	29.1833 	104.9833 	307.40 	306.20 
56441	28.7167 	99.2833 	2424.10 	2422.90 
56443	28.9333 	99.8000 	2843.10 	2842.00 
56459	27.9333 	101.2667 	2424.60 	2426.50 
56462	29.0000 	101.5000 	2931.40 	2925.00 
56473	28.9500 	102.7667 	1061.50 	1060.30 
56474	28.5500 	102.1667 	1775.20 	1774.00 
56475	28.6500 	102.5167 	1660.10 	1659.50 
56478	28.3000 	102.4333 	1819.30 	1818.10 
56479	28.0000 	102.8500 	2133.70 	2132.40 
56480	28.8167 	103.5333 	565.20 	564.10 
56485	28.2667 	103.5833 	1254.80 	1255.80 
56487	28.3333 	103.1333 	1945.10 	1943.90 
56490	28.9500 	103.9000 	425.20 	424.00 
56491	28.7000 	104.5667 	288.20 	287.00 
56492	28.8000 	104.6000 	342.10 	340.80 
56493	28.8500 	104.9667 	294.00 	292.80 
56494	28.6500 	104.1500 	463.20 	462.00 
56496	28.3167 	105.2333 	330.00 	358.20 
56498	28.1500 	104.5000 	550.20 	549.00 
56499	28.3833 	104.7833 	369.40 	368.20 
56565	27.4333 	101.5167 	2545.00 	2545.00 
56569	27.4167 	102.1833 	1381.20 	1380.00 
56571	27.9000 	102.2667 	1592.70 	1590.90 
56575	27.3667 	102.5500 	1429.20 	1428.00 
56578	27.0667 	102.7500 	994.80 	993.60 
56580	27.7167 	102.8000 	2461.50 	2460.00 
56584	27.7000 	103.2500 	1093.70 	1093.00 
56592	28.4333 	104.5167 	360.90 	359.70 
56593	28.5833 	104.9167 	281.90 	279.10 
56665	26.6833 	101.8500 	1141.50 	1140.30 
56666	26.5833 	101.7167 	1225.90 	1224.80 
56670	26.9167 	102.1167 	1138.30 	1136.90 
56671	26.6500 	102.2500 	1788.60 	1787.30 
56674	26.5000 	101.7333 	1109.10 	1108.00 
56675	26.6500 	102.5833 	1695.70 	1694.50 
57204	32.5667 	105.2167 	783.20 	782.00 
57206	32.4333 	105.8500 	513.50 	513.80 
57208	32.2833 	105.5167 	545.70 	544.50 
57216	32.3500 	106.8333 	580.50 	579.30 
57217	32.2333 	106.2833 	486.90 	485.70 
57237	32.0667 	108.0333 	675.00 	674.00 
57303	31.7333 	105.9167 	461.10 	459.90 
57306	31.5833 	105.9667 	385.40 	382.60 
57307	31.1000 	105.0833 	406.10 	404.90 
57308	31.2167 	105.3833 	422.50 	421.30 
57309	30.9833 	105.8833 	379.40 	378.40 
57313	31.8667 	106.7667 	419.00 	417.70 
57314	31.3500 	106.0667 	406.90 	405.70 
57315	31.5333 	106.4000 	656.80 	655.70 
57317	31.0333 	106.4167 	326.10 	324.90 
57318	31.0667 	106.5500 	339.70 	338.50 
57320	31.9333 	107.2167 	483.10 	482.40 
57324	31.5833 	107.0833 	365.10 	364.20 
57326	31.3667 	107.7167 	390.50 	389.40 
57328	31.2000 	107.5000 	344.40 	344.90 
57329	31.1000 	107.8500 	468.50 	467.50 
57401	30.8667 	105.3667 	384.30 	383.30 
57402	30.7667 	105.7000 	395.50 	394.50 
57405	30.5000 	105.5500 	355.30 	355.00 
57407	30.2833 	105.0333 	463.80 	462.60 
57408	30.1167 	105.3500 	339.60 	338.40 
57411	30.7833 	106.1000 	311.00 	309.70 
57413	30.8500 	106.9667 	296.20 	295.10 
57414	30.5167 	106.4500 	404.90 	403.70 
57415	30.5333 	106.6333 	395.50 	394.50 
57416	30.3333 	106.9333 	392.50 	391.50 
57417	30.3500 	106.2833 	317.10 	315.90 
57420	30.7500 	107.1833 	419.00 	418.00 
57503	29.6167 	105.1167 	351.40 	349.70 
57507	29.3333 	105.3000 	386.90 	385.70 
57508	29.1500 	105.3667 	295.00 	301.00 
57600	28.7167 	105.0667 	421.80 	420.90 
57603	28.8167 	105.8333 	284.40 	283.40 
57608	28.1667 	105.4333 	378.60 	377.50 
54428	40.0333 	117.4000 	16.90 	15.70 
54523	39.3833 	117.0167 	5.70 	4.50 
54525	39.7333 	117.2833 	6.30 	5.10 
54526	39.0833 	117.3333 	2.60 	1.90 
54527	39.0833 	117.0500 	4.30 	3.50 
54528	39.2333 	117.1333 	4.60 	3.40 
54529	39.3500 	117.8167 	5.10 	3.90 
54530	39.2333 	117.7667 	2.50 	1.30 
54619	38.9167 	116.9167 	6.70 	5.50 
54622	38.9833 	117.3667 	3.90 	3.70 
54623	39.0500 	117.7167 	5.70 	4.80 
54645	38.8500 	117.4667 	3.40 	2.20 
55228	32.5000 	80.0833 	4279.80 	4278.60 
55248	32.1500 	84.4167 	4416.10 	4414.90 
55299	31.4833 	92.0667 	4508.20 	4507.00 
55437	30.2833 	81.2500 	3901.20 	3900.00 
55493	30.4833 	91.1000 	4201.20 	4200.00 
55569	29.0833 	87.6000 	4001.20 	4000.00 
55572	29.6833 	89.1000 	4001.30 	4000.00 
55593	29.8500 	91.7333 	3805.10 	3804.00 
55597	29.0333 	91.6833 	3741.20 	3740.00 
55598	29.2667 	91.7667 	3561.50 	3560.00 
55655	28.1833 	85.9667 	3811.20 	3810.00 
55664	28.6333 	87.0833 	4301.20 	4300.00 
55680	28.9167 	89.6000 	4041.20 	4040.00 
56116	31.4167 	95.6000 	3874.30 	3873.10 
56128	31.2167 	96.6000 	3811.20 	3810.00 
56137	31.1500 	97.1667 	3316.20 	3315.00 
56223	30.7500 	95.8333 	3641.20 	3640.00 
56227	29.8667 	95.7667 	2737.20 	2736.00 
56228	30.0500 	96.9167 	3261.00 	3260.00 
56312	29.6667 	94.3333 	2993.00 	2991.80 
56317	29.2167 	94.2167 	2951.20 	2950.00 
56331	29.6667 	97.8333 	3781.20 	3780.00 
56434	28.6500 	97.4667 	2328.80 	2327.60 
51053	48.0500 	86.4000 	533.70 	532.60 
51058	47.1000 	87.9667 	564.30 	563.30 
51060	47.7000 	86.8667 	475.60 	473.90 
51068	47.1167 	87.4667 	502.70 	500.90 
51076	47.7333 	88.0833 	736.50 	735.30 
51087	46.9833 	89.5167 	809.70 	807.50 
51133	46.7333 	83.0000 	536.00 	534.90 
51137	46.2000 	82.9333 	715.70 	715.40 
51145	46.5500 	83.6500 	523.60 	521.60 
51156	46.7833 	85.7167 	1294.20 	1291.60 
51232	45.1833 	82.5667 	337.10 	336.10 
51238	44.9000 	82.0667 	533.20 	532.20 
51241	45.9333 	83.6000 	1077.10 	1077.80 
51243	45.6167 	84.8500 	450.70 	449.50 
51334	44.5667 	82.8167 	330.20 	329.20 
51357	44.3333 	85.6167 	524.30 	522.20 
51359	44.3167 	86.2000 	473.60 	471.40 
51367	44.1667 	86.8500 	576.20 	575.10 
51368	44.1167 	87.3167 	516.70 	515.70 
51369	43.9667 	87.6500 	601.20 	600.30 
51377	44.1667 	87.9167 	547.90 	547.00 
51378	44.0167 	89.1667 	735.90 	734.90 
51468	43.1000 	86.8333 	3543.80 	3539.00 
51469	43.4500 	87.1833 	1928.50 	1930.00 
51470	43.8833 	88.1167 	1943.30 	1942.50 
51477	43.3500 	88.3167 	1104.40 	1103.50 
51482	43.8333 	90.2833 	1272.50 	1271.50 
51526	42.2333 	88.2167 	924.00 	922.40 
51542	43.0333 	84.1500 	2459.40 	2458.00 
51567	42.0833 	86.5667 	1056.50 	1055.30 
51571	42.8000 	88.6333 	2.00 	1.00 
51572	42.8333 	89.2500 	-47.40 	-48.70 
51573	42.9333 	89.2000 	35.20 	34.50 
51627	41.2167 	79.2333 	1397.70 	1395.80 
51628	41.1667 	80.2333 	1105.00 	1103.80 
51636	41.5500 	82.6500 	1010.80 	1009.80 
51639	41.2333 	82.7833 	982.50 	980.40 
51656	41.7500 	86.1333 	932.50 	931.50 
51704	39.7167 	76.1667 	1299.50 	1298.70 
51705	39.7167 	75.2500 	2176.70 	2175.70 
51707	39.5000 	76.7333 	1209.60 	1208.60 
51709	39.4833 	75.7500 	1386.70 	1385.60 
51717	39.2500 	76.7833 	1207.80 	1206.30 
51720	40.5000 	79.0500 	1162.50 	1161.80 
51722	40.6500 	80.4000 	1045.10 	1044.30 
51730	40.5500 	81.2667 	1013.10 	1012.20 
51747	39.0000 	83.6667 	1100.00 	1099.30 
51765	40.6333 	87.7000 	847.70 	846.00 
51802	38.9333 	76.1667 	1299.10 	1297.50 
51810	38.9167 	77.6333 	1179.20 	1178.20 
51811	38.4333 	77.2667 	1232.20 	1231.20 
51814	37.9167 	77.4000 	1360.40 	1360.40 
51815	38.2000 	77.2667 	1275.70 	1274.70 
51818	37.6167 	78.2833 	1376.40 	1375.40 
51826	37.0167 	80.8000 	1337.00 	1336.50 
51827	37.1667 	79.6333 	1350.10 	1348.90 
51828	37.1333 	79.9333 	1376.00 	1375.00 
51829	37.0833 	80.1667 	1349.00 	1347.90 
51839	37.0667 	82.7167 	1410.50 	1409.50 
51855	38.1500 	85.5500 	1248.40 	1247.20 
51931	36.8500 	81.6500 	1423.30 	1422.00 
52101	43.6000 	93.0500 	1680.40 	1679.40 
52112	43.7500 	94.9833 	480.00 	479.00 
52118	43.2667 	94.7000 	1729.60 	1728.60 
52203	42.8167 	93.5167 	738.30 	737.20 
52313	41.5333 	94.6667 	1574.80 	1573.80 
56444	28.4833 	98.9167 	3320.80 	3319.00 
56483	28.5833 	103.9500 	494.50 	496.60 
56489	28.2333 	103.6333 	876.30 	877.20 
56497	28.1000 	104.2333 	433.30 	448.80 
56533	27.7500 	98.6667 	1587.70 	1583.30 
56543	27.8333 	99.7000 	3277.60 	3276.70 
56548	27.1667 	99.2833 	2326.00 	2326.10 
56567	27.3000 	100.8500 	2242.30 	2240.50 
56582	27.7500 	103.9000 	1177.00 	1176.20 
56585	27.1833 	103.5333 	1916.00 	1916.00 
56586	27.3500 	103.7167 	1950.00 	1949.50 
56594	27.6333 	104.0500 	884.00 	880.40 
56595	27.4167 	104.8667 	1644.30 	1645.20 
56596	27.8500 	105.0500 	1176.50 	1177.20 
56641	26.9000 	98.8667 	1191.50 	1189.70 
56643	25.8667 	98.8500 	950.60 	949.90 
56645	26.4167 	99.4167 	2345.90 	2344.90 
56646	26.5333 	99.9167 	2193.50 	2191.40 
56649	26.1000 	99.9667 	2059.90 	2059.90 
56651	26.8500 	100.2167 	2382.10 	2380.90 
56652	26.6833 	100.7500 	2131.00 	2130.50 
56654	26.5833 	100.1833 	2196.80 	2195.40 
56664	26.6333 	101.2667 	1230.80 	1230.80 
56669	26.0500 	101.6667 	1534.10 	1531.30 
56673	26.9167 	102.9167 	894.90 	893.90 
56684	26.4000 	103.2500 	2189.30 	2188.30 
56688	26.1000 	103.1667 	1253.40 	1254.10 
56697	26.2167 	104.0833 	1987.40 	1984.20 
56739	24.9833 	98.5000 	1696.90 	1695.90 
56742	25.9000 	99.3667 	1663.90 	1658.50 
56745	25.6833 	99.9500 	1627.20 	1626.10 
56746	25.4667 	99.5167 	1618.30 	1616.70 
56748	25.1167 	99.1833 	1651.20 	1652.20 
56751	25.7000 	100.1833 	1991.60 	1990.50 
56752	25.8333 	100.5667 	1440.30 	1438.70 
56755	25.3500 	100.4833 	1670.00 	1668.50 
56757	25.2667 	100.2833 	1744.00 	1742.10 
56761	25.7167 	101.3167 	1873.70 	1878.10 
56764	25.5333 	101.2333 	1875.20 	1873.50 
56766	25.3000 	101.5167 	1821.60 	1822.00 
56767	25.1833 	101.2833 	1858.30 	1857.40 
56772	25.2333 	102.5000 	1694.40 	1692.70 
56774	25.5333 	102.4167 	1712.00 	1710.70 
56777	25.1500 	102.0667 	1566.80 	1566.10 
56778	25.0000 	102.6500 	1889.10 	1888.10 
56782	25.4167 	103.5500 	2064.80 	2067.10 
56783	25.5000 	103.8000 	1906.30 	1906.20 
56785	25.3500 	103.0833 	1916.70 	1915.70 
56790	25.6833 	104.2500 	1920.50 	1925.80 
56835	24.0667 	97.8167 	958.70 	959.10 
56836	24.7000 	97.9500 	828.10 	826.70 
56839	23.7667 	98.8167 	994.50 	995.30 
56840	24.8167 	98.3000 	1013.70 	1012.90 
56841	24.6000 	98.6833 	1527.60 	1528.00 
56842	24.7333 	99.1833 	1473.40 	1471.20 
56843	24.8333 	99.6167 	1650.20 	1650.60 
56844	24.4333 	98.5833 	915.00 	913.80 
56846	24.5833 	99.9333 	1569.80 	1569.00 
56849	24.0333 	99.2333 	1607.20 	1606.20 
56851	25.0333 	100.5167 	1378.60 	1377.20 
56854	24.4500 	100.1333 	1108.10 	1108.60 
56856	24.4667 	100.8667 	1163.50 	1162.30 
56862	24.6833 	101.6000 	1966.00 	1968.10 
56863	24.9333 	102.4833 	1850.00 	1848.00 
56867	23.9833 	101.1167 	1107.20 	1105.40 
56869	24.0667 	101.9667 	1498.20 	1497.50 
56870	24.6500 	102.1833 	1597.70 	1600.90 
56871	24.6500 	102.6000 	1894.20 	1893.10 
56873	24.6833 	102.9167 	1788.50 	1796.30 
56875	24.3333 	102.5500 	1717.50 	1716.90 
56876	24.2833 	102.7667 	1732.50 	1731.10 
56878	24.1333 	102.7500 	1802.40 	1801.80 
56879	24.1833 	102.9167 	1698.90 	1702.60 
56880	24.9167 	103.1667 	1532.90 	1532.50 
56881	24.7500 	103.2667 	1694.70 	1695.80 
56882	24.8833 	102.8000 	1909.20 	1906.60 
56883	24.8167 	103.9833 	1901.90 	1900.90 
56885	24.4000 	103.4500 	1416.70 	1415.50 
56886	24.5333 	103.7667 	1705.50 	1704.30 
56889	24.0500 	104.1667 	1518.50 	1518.70 
56891	24.9833 	104.3167 	1482.40 	1482.70 
56898	24.1833 	102.4000 	1601.20 	1600.00 
56944	23.1500 	99.2667 	1280.70 	1278.30 
56946	23.5500 	99.4000 	1104.80 	1104.90 
56948	22.6333 	99.6000 	1156.10 	1155.00 
56949	22.3167 	99.6000 	946.10 	945.00 
56950	23.4667 	99.8000 	1044.00 	1044.10 
56951	23.8833 	100.0833 	1502.60 	1502.40 
56952	23.5000 	100.7000 	914.00 	913.20 
56954	22.5667 	99.9333 	1054.40 	1054.80 
56958	21.9167 	100.4167 	1177.50 	1176.30 
56962	23.4167 	101.6667 	1315.30 	1314.60 
56964	22.7833 	100.9667 	1302.90 	1302.10 
56966	23.6000 	101.9833 	401.60 	400.90 
56969	21.4667 	101.5833 	634.40 	633.40 
56970	23.7000 	102.4833 	1419.90 	1419.30 
56975	23.3667 	102.4333 	975.90 	974.50 
56976	23.2333 	102.8333 	229.40 	232.00 
56977	22.5833 	101.8500 	1121.00 	1120.50 
56978	23.0000 	102.4167 	1640.70 	1642.80 
56982	23.7000 	103.2833 	1117.60 	1117.00 
56984	23.3833 	103.1500 	1717.70 	1720.50 
56987	22.7833 	103.2333 	1261.10 	1260.00 
56991	23.6167 	104.3333 	1561.10 	1561.10 
56992	23.4500 	104.7000 	1508.10 	1507.50 
56994	23.3333 	104.2833 	1292.70 	1293.50 
56995	23.0333 	104.4167 	1335.40 	1332.90 
59007	24.0667 	105.0667 	1251.40 	1249.60 
59205	23.6500 	105.6333 	688.30 	685.80 
58443	31.0167 	119.9000 	19.80 	25.00 
58446	30.6333 	119.7000 	66.80 	72.20 
58448	30.2167 	119.7000 	118.60 	117.60 
58449	30.0500 	119.9500 	47.90 	46.50 
58450	30.8667 	120.0500 	7.80 	7.40 
58451	30.8333 	120.9333 	3.40 	2.60 
58452	30.7333 	120.7667 	4.30 	4.80 
58453	30.0667 	120.5000 	10.70 	7.90 
58454	30.5333 	119.9833 	103.00 	102.00 
58455	30.5167 	120.6500 	8.10 	8.80 
58456	30.6333 	120.5167 	6.70 	6.00 
58457	30.2333 	120.1667 	42.60 	41.70 
58458	30.5333 	120.9000 	3.90 	4.80 
58459	30.1833 	120.2833 	42.40 	44.30 
58464	30.6500 	121.1167 	5.50 	4.00 
58467	30.2000 	121.2667 	5.70 	4.50 
58468	30.0500 	121.1667 	6.60 	5.40 
58472	30.7333 	122.4500 	73.90 	79.60 
58477	30.0333 	122.1000 	36.70 	35.70 
58484	30.2500 	122.2000 	9.40 	37.10 
58537	29.1333 	118.4000 	154.10 	153.60 
58542	29.8167 	119.6833 	47.30 	46.10 
58543	29.6167 	119.0167 	172.60 	171.40 
58544	29.4833 	119.2667 	90.10 	88.90 
58546	29.4667 	119.8833 	114.20 	115.80 
58547	29.0333 	119.1833 	65.10 	66.20 
58548	29.2167 	119.4667 	46.70 	50.20 
58549	29.1167 	119.6500 	61.40 	62.60 
58550	29.7000 	120.2500 	39.40 	39.10 
58553	30.0500 	120.8167 	6.40 	6.40 
58555	29.5167 	120.8833 	112.40 	113.90 
58556	29.6000 	120.8167 	103.80 	104.30 
58557	29.3333 	120.0833 	87.60 	90.00 
58558	29.2667 	120.2167 	89.00 	89.90 
58559	29.1667 	120.9833 	59.50 	58.30 
58560	29.0500 	120.4333 	301.30 	304.50 
58561	29.9833 	121.6000 	5.20 	4.00 
58562	29.7833 	121.5500 	6.20 	5.00 
58563	29.8833 	121.8333 	6.00 	5.00 
58565	29.7000 	121.3833 	42.70 	41.50 
58566	29.4667 	121.8833 	7.20 	6.00 
58567	29.3167 	121.4333 	40.40 	39.30 
58568	29.1167 	121.3833 	35.90 	34.50 
58569	29.2000 	121.9500 	129.20 	128.40 
58570	29.9500 	122.3000 	83.20 	85.20 
58631	28.9000 	118.5000 	132.10 	137.00 
58632	28.7167 	118.6000 	124.10 	126.30 
58642	28.8833 	119.8000 	102.60 	105.10 
58643	28.9000 	120.0333 	99.40 	102.90 
58644	28.6000 	119.2833 	237.20 	237.80 
58646	28.4500 	119.9167 	59.60 	59.70 
58647	28.0833 	119.1333 	217.30 	222.10 
58652	28.8667 	120.7167 	79.10 	83.00 
58654	28.6667 	120.0833 	184.90 	184.70 
58656	28.0667 	120.9667 	58.20 	60.80 
58657	28.1500 	120.2833 	59.00 	57.80 
58658	28.1500 	120.6833 	36.40 	34.30 
58659	28.0333 	120.6500 	29.00 	28.30 
58660	28.8667 	121.2000 	6.80 	6.60 
58664	28.3667 	121.3667 	33.60 	35.30 
58665	28.6167 	121.4167 	5.30 	4.60 
58666	28.4500 	121.9000 	84.40 	86.20 
58667	28.0833 	121.2667 	99.40 	95.90 
58742	28.1167 	119.5500 	159.60 	163.00 
58745	27.6167 	119.0833 	391.70 	400.80 
58746	27.5500 	119.7000 	514.20 	538.90 
58750	27.7833 	120.0833 	106.40 	105.40 
58751	27.6667 	120.5667 	255.00 	254.00 
58752	27.7833 	120.6500 	37.90 	39.70 
58648	28.0000 	119.6333 	247.80 	246.80 
57333	31.9500 	108.6667 	800.00 	798.20 
57338	31.1833 	108.4167 	213.20 	216.50 
57339	30.9500 	108.6833 	296.40 	297.20 
57345	31.4000 	109.6167 	339.80 	337.80 
57348	31.0167 	109.5333 	300.30 	299.80 
57349	31.0667 	109.8667 	275.90 	275.70 
57409	30.1833 	105.8000 	295.80 	297.70 
57425	30.3333 	107.3333 	430.50 	433.80 
57431	30.8333 	108.3500 	256.80 	257.00 
57432	30.7667 	108.4000 	188.80 	186.70 
57437	30.3000 	108.0333 	326.30 	325.60 
57438	29.9833 	108.1167 	630.30 	632.30 
57502	29.7000 	105.7000 	395.30 	394.70 
57505	29.4167 	105.5833 	324.00 	338.00 
57506	29.3667 	105.9000 	351.80 	353.00 
57509	28.9500 	106.9333 	325.70 	325.30 
57510	29.8500 	106.0667 	327.50 	326.30 
57511	29.8500 	106.4500 	242.90 	240.80 
57512	29.9667 	106.2833 	231.20 	230.60 
57513	29.7333 	106.6167 	465.50 	464.70 
57514	29.5833 	106.2167 	325.00 	331.50 
57516	29.5833 	106.4667 	259.60 	259.10 
57517	29.2833 	106.2500 	256.30 	261.40 
57518	29.3333 	106.5000 	506.90 	506.10 
57519	29.1667 	107.1167 	699.80 	698.80 
57520	29.8333 	107.0667 	382.80 	377.60 
57523	29.8500 	107.7333 	290.40 	290.50 
57525	29.3167 	107.7500 	273.30 	277.90 
57536	29.5333 	108.7833 	608.80 	607.30 
57537	29.3000 	108.1667 	321.30 	322.20 
57612	29.0000 	106.6500 	475.90 	474.70 
57633	28.8167 	108.7667 	827.70 	826.50 
57635	28.4500 	108.9833 	364.00 	363.70 
